10097.873349821863
10021.423170321863
9652.089694321863
10411.701631221862
9239.780691321863
9652.089694321863
9373.235939121863
10492.080949121862
10904.686678821863
10989.236766821861
11333.672294821863
11074.426046521861
10820.791591221863
13175.062649781863
10820.791591221863
9239.780691321863
9373.235939121863
10021.423170321863
9724.173708621864
11160.238800721863
10021.423170321863
9373.235939121863
10492.080949121862
11074.426046521861
9724.173708621864
10989.236766821861
9652.089694321863
9441.487473321864
11421.262020421864
9580.934359421863
9373.235939121863
11160.238800721863
9305.993216921863
9871.052417821862
10175.143401921863
9441.487473321864
10021.423170321863
10573.195908921864
9580.934359421863
9441.487473321864
9724.173708621864
10820.791591221863
9373.235939121863
12511.806162311863
9487.538658321862
9580.934359421863
11509.413187121863
11333.672294821863
12605.522222221862
9652.089694321863
10655.030142021862
10332.074464521862
9047.548498621862
11160.238800721863
13271.063045311863
10573.195908921864
10021.423170321863
10175.143401921863
9724.173708621864
10989.236766821861
9580.934359421863
11421.262020421864
9724.173708621864
9871.052417821862
9652.089694321863
9110.535145121863
10175.143401921863
10097.873349821863
9373.235939121863
9652.089694321863
9110.535145121863
10332.074464521862
11246.659399221862
10175.143401921863
10411.701631221862
10175.143401921863
10492.080949121862
10332.074464521862
9239.780691321863
10492.080949121862
10097.873349821863
13367.334589471862
10175.143401921863
10904.686678821863
12794.045618511862
11246.659399221862
9652.089694321863
12325.536969031864
10021.423170321863
10097.873349821863
9373.235939121863
9047.548498621862
9871.052417821862
10175.143401921863
10021.423170321863
10332.074464521862
10655.030142021862
9305.993216921863
10175.143401921863
10021.423170321863
10175.143401921863
10820.791591221863
11333.672294821863
9724.173708621864
9871.052417821862
9652.089694321863
10097.873349821863
9373.235939121863
10492.080949121862
10492.080949121862
9652.089694321863
10021.423170321863
9724.173708621864
9110.535145121863
9047.548498621862
11509.413187121863
10655.030142021862
10492.080949121862
11333.672294821863
11598.110482321863
10021.423170321863
9305.993216921863
10097.873349821863
9797.167472921863
11160.238800721863
9110.535145121863
11958.057337601862
12699.606785131862
12605.522222221862
11509.413187121863
9487.538658321862
9724.173708621864
9871.052417821862
10492.080949121862
11421.262020421864
12233.012777951863
9487.538658321862
9441.487473321864
9047.548498621862
10904.686678821863
11421.262020421864
12140.914968061863
9487.538658321862
10411.701631221862
9652.089694321863
10573.195908921864
9797.167472921863
9871.052417821862
8924.970085221863
9441.487473321864
10021.423170321863
9487.538658321862
11598.110482321863
12140.914968061863
11421.262020421864
9373.235939121863
12418.472936101864
10021.423170321863
9580.934359421863
11246.659399221862
9174.620407721863
10492.080949121862
11867.327145001864
9110.535145121863
9652.089694321863
9047.548498621862
9724.173708621864
12140.914968061863
11160.238800721863
10097.873349821863
9652.089694321863
11958.057337601862
10021.423170321863
10175.143401921863
12233.012777951863
10097.873349821863
9580.934359421863
8924.970085221863
10820.791591221863
10655.030142021862
9239.780691321863
11160.238800721863
10097.873349821863
11598.110482321863
12699.606785131862
9441.487473321864
11958.057337601862
10492.080949121862
12140.914968061863
8749.990316021862
10332.074464521862
9487.538658321862
10021.423170321863
10021.423170321863
9652.089694321863
10411.701631221862
11598.110482321863
9510.727030521863
9652.089694321863
11958.057337601862
9487.538658321862
9580.934359421863
11687.338669021863
9373.235939121863
9652.089694321863
10021.423170321863
11160.238800721863
9305.993216921863
9797.167472921863
10097.873349821863
10411.701631221862
10021.423170321863
9441.487473321864
9652.089694321863
9110.535145121863
12699.606785131862
9441.487473321864
9724.173708621864
9652.089694321863
10175.143401921863
12605.522222221862
9174.620407721863
13560.637502241863
11598.110482321863
12418.472936101864
10573.195908921864
10332.074464521862
10411.701631221862
10573.195908921864
11246.659399221862
10253.216111321863
10097.873349821863
9373.235939121863
9373.235939121863
10655.030142021862
9797.167472921863
9652.089694321863
10253.216111321863
8985.684972421863
10655.030142021862
9487.538658321862
9871.052417821862
9652.089694321863
9373.235939121863
9373.235939121863
9580.934359421863
12605.522222221862
10175.143401921863
9487.538658321862
9510.727030521863
9580.934359421863
9174.620407721863
8924.970085221863
11333.672294821863
9239.780691321863
10332.074464521862
9510.727030521863
9652.089694321863
9871.052417821862
9510.727030521863
10097.873349821863
12049.258230071862
10573.195908921864
10175.143401921863
11160.238800721863
11777.082585371862
10021.423170321863
9305.993216921863
8985.684972421863
9373.235939121863
10021.423170321863
12233.012777951863
9305.993216921863
9373.235939121863
9797.167472921863
12418.472936101864
10021.423170321863
9510.727030521863
12418.472936101864
13367.334589471862
12233.012777951863
10021.423170321863
9373.235939121863
9724.173708621864
10175.143401921863
9110.535145121863
9724.173708621864
10655.030142021862
13560.637502241863
10332.074464521862
9871.052417821862
10021.423170321863
11074.426046521861
9305.993216921863
12140.914968061863
10820.791591221863
9305.993216921863
9373.235939121863
9797.167472921863
9580.934359421863
10820.791591221863
9724.173708621864
9441.487473321864
9580.934359421863
12233.012777951863
9580.934359421863
9487.538658321862
10253.216111321863
9797.167472921863
10253.216111321863
9047.548498621862
10492.080949121862
10253.216111321863
9724.173708621864
10332.074464521862
10021.423170321863
11074.426046521861
9652.089694321863
8985.684972421863
9724.173708621864
10820.791591221863
9580.934359421863
9797.167472921863
9580.934359421863
9797.167472921863
10411.701631221862
10573.195908921864
9305.993216921863
10411.701631221862
9239.780691321863
10904.686678821863
9871.052417821862
11421.262020421864
10175.143401921863
9305.993216921863
10253.216111321863
10989.236766821861
10021.423170321863
8924.970085221863
11687.338669021863
10573.195908921864
9871.052417821862
10021.423170321863
13463.863844501862
9239.780691321863
10820.791591221863
10573.195908921864
10573.195908921864
9652.089694321863
10175.143401921863
10492.080949121862
11598.110482321863
10411.701631221862
9441.487473321864
9871.052417821862
9797.167472921863
9652.089694321863
10904.686678821863
9305.993216921863
10411.701631221862
11074.426046521861
9652.089694321863
10097.873349821863
9487.538658321862
9797.167472921863
11160.238800721863
10021.423170321863
9239.780691321863
9652.089694321863
12699.606785131862
11867.327145001864
9871.052417821862
10411.701631221862
9510.727030521863
8924.970085221863
9797.167472921863
9110.535145121863
11160.238800721863
11074.426046521861
12049.258230071862
9239.780691321863
10989.236766821861
9724.173708621864
9305.993216921863
10253.216111321863
10492.080949121862
9441.487473321864
10332.074464521862
9797.167472921863
11160.238800721863
9652.089694321863
8985.684972421863
9797.167472921863
10332.074464521862
10573.195908921864
10820.791591221863
9441.487473321864
9580.934359421863
10411.701631221862
10655.030142021862
10253.216111321863
9487.538658321862
10175.143401921863
10411.701631221862
10655.030142021862
10021.423170321863
9305.993216921863
9724.173708621864
10175.143401921863
9580.934359421863
9797.167472921863
10492.080949121862
12418.472936101864
9580.934359421863
8749.990316021862
10411.701631221862
10573.195908921864
11958.057337601862
10332.074464521862
10411.701631221862
12049.258230071862
8924.970085221863
10492.080949121862
11333.672294821863
9724.173708621864
10411.701631221862
10021.423170321863
10175.143401921863
10820.791591221863
9373.235939121863
10573.195908921864
9305.993216921863
11421.262020421864
9797.167472921863
11958.057337601862
10492.080949121862
12605.522222221862
10175.143401921863
12418.472936101864
9441.487473321864
9373.235939121863
9305.993216921863
10175.143401921863
11687.338669021863
9797.167472921863
9373.235939121863
10655.030142021862
9724.173708621864
12418.472936101864
9373.235939121863
10021.423170321863
10253.216111321863
9239.780691321863
11421.262020421864
10820.791591221863
9441.487473321864
10097.873349821863
10573.195908921864
11074.426046521861
10021.423170321863
10097.873349821863
12140.914968061863
11160.238800721863
10021.423170321863
9871.052417821862
9174.620407721863
9580.934359421863
9652.089694321863
10989.236766821861
9797.167472921863
9580.934359421863
9797.167472921863
10097.873349821863
11598.110482321863
9373.235939121863
10655.030142021862
11509.413187121863
9441.487473321864
9724.173708621864
10573.195908921864
9510.727030521863
12325.536969031864
10492.080949121862
9305.993216921863
9724.173708621864
10655.030142021862
10989.236766821861
11509.413187121863
10175.143401921863
9487.538658321862
10332.074464521862
9724.173708621864
9580.934359421863
9871.052417821862
10989.236766821861
10820.791591221863
9239.780691321863
10655.030142021862
12049.258230071862
9047.548498621862
10411.701631221862
9580.934359421863
10820.791591221863
9797.167472921863
10573.195908921864
9580.934359421863
10655.030142021862
9510.727030521863
10021.423170321863
10097.873349821863
9724.173708621864
10411.701631221862
9652.089694321863
9652.089694321863
9797.167472921863
10332.074464521862
10175.143401921863
9305.993216921863
12511.806162311863
12511.806162311863
10989.236766821861
10097.873349821863
10492.080949121862
9373.235939121863
10820.791591221863
10175.143401921863
9305.993216921863
9441.487473321864
10411.701631221862
9305.993216921863
10175.143401921863
9239.780691321863
9174.620407721863
10411.701631221862
9652.089694321863
10021.423170321863
10492.080949121862
9110.535145121863
11333.672294821863
10097.873349821863
9305.993216921863
10097.873349821863
9373.235939121863
10021.423170321863
9724.173708621864
9797.167472921863
9441.487473321864
10332.074464521862
8924.970085221863
10573.195908921864
10655.030142021862
11958.057337601862
11421.262020421864
10820.791591221863
9871.052417821862
9441.487473321864
10097.873349821863
9373.235939121863
10492.080949121862
9797.167472921863
9441.487473321864
10097.873349821863
10175.143401921863
8924.970085221863
10021.423170321863
10655.030142021862
9724.173708621864
11333.672294821863
10573.195908921864
10021.423170321863
9047.548498621862
10411.701631221862
9305.993216921863
10573.195908921864
9580.934359421863
9373.235939121863
10989.236766821861
10097.873349821863
12605.522222221862
11687.338669021863
10253.216111321863
8924.970085221863
12140.914968061863
9441.487473321864
11598.110482321863
10253.216111321863
13367.334589471862
10573.195908921864
12794.045618511862
10175.143401921863
11777.082585371862
12140.914968061863
10904.686678821863
11509.413187121863
10573.195908921864
9373.235939121863
8924.970085221863
9871.052417821862
10492.080949121862
9580.934359421863
10332.074464521862
12511.806162311863
10655.030142021862
9580.934359421863
10820.791591221863
10332.074464521862
11867.327145001864
10411.701631221862
10332.074464521862
8924.970085221863
9580.934359421863
10332.074464521862
11333.672294821863
10411.701631221862
9174.620407721863
10989.236766821861
10021.423170321863
9373.235939121863
10097.873349821863
10097.873349821863
10097.873349821863
10253.216111321863
10021.423170321863
10820.791591221863
9724.173708621864
9239.780691321863
10021.423170321863
10332.074464521862
9724.173708621864
10904.686678821863
9487.538658321862
9652.089694321863
9724.173708621864
10904.686678821863
10492.080949121862
10411.701631221862
9373.235939121863
10904.686678821863
9305.993216921863
10097.873349821863
11074.426046521861
9871.052417821862
9652.089694321863
10175.143401921863
12140.914968061863
10253.216111321863
9724.173708621864
9871.052417821862
13560.637502241863
9373.235939121863
10332.074464521862
10097.873349821863
9580.934359421863
10411.701631221862
9724.173708621864
13079.346966231862
8924.970085221863
9724.173708621864
9510.727030521863
10097.873349821863
10573.195908921864
9441.487473321864
11777.082585371862
9305.993216921863
8985.684972421863
10573.195908921864
10989.236766821861
10411.701631221862
8985.684972421863
10492.080949121862
10175.143401921863
9373.235939121863
11074.426046521861
13079.346966231862
9441.487473321864
9652.089694321863
11333.672294821863
10097.873349821863
9724.173708621864
8924.970085221863
10175.143401921863
10492.080949121862
13463.863844501862
11074.426046521861
10573.195908921864
9724.173708621864
12699.606785131862
10175.143401921863
10655.030142021862
10097.873349821863
11333.672294821863
10021.423170321863
11867.327145001864
10492.080949121862
9174.620407721863
10021.423170321863
11421.262020421864
11687.338669021863
10021.423170321863
10253.216111321863
9441.487473321864
9373.235939121863
9487.538658321862
9871.052417821862
12049.258230071862
9305.993216921863
10332.074464521862
9110.535145121863
10904.686678821863
10989.236766821861
10097.873349821863
10253.216111321863
10820.791591221863
9580.934359421863
11509.413187121863
12418.472936101864
9797.167472921863
10021.423170321863
9797.167472921863
9797.167472921863
9373.235939121863
10492.080949121862
10492.080949121862
10492.080949121862
9580.934359421863
9797.167472921863
11160.238800721863
12418.472936101864
10492.080949121862
8924.970085221863
9047.548498621862
10820.791591221863
11333.672294821863
11867.327145001864
9871.052417821862
10021.423170321863
11777.082585371862
10097.873349821863
9239.780691321863
12418.472936101864
9487.538658321862
11867.327145001864
9580.934359421863
9510.727030521863
12140.914968061863
9652.089694321863
9174.620407721863
10175.143401921863
10097.873349821863
9110.535145121863
11074.426046521861
9174.620407721863
13560.637502241863
10097.873349821863
10655.030142021862
9441.487473321864
10253.216111321863
9305.993216921863
9871.052417821862
9441.487473321864
10021.423170321863
9797.167472921863
11333.672294821863
9797.167472921863
10820.791591221863
9441.487473321864
9797.167472921863
10097.873349821863
9487.538658321862
9724.173708621864
10820.791591221863
9580.934359421863
8924.970085221863
10573.195908921864
9652.089694321863
9652.089694321863
9239.780691321863
9487.538658321862
9047.548498621862
9652.089694321863
9724.173708621864
10253.216111321863
9441.487473321864
9110.535145121863
9797.167472921863
11509.413187121863
11509.413187121863
11333.672294821863
10820.791591221863
11160.238800721863
10411.701631221862
10332.074464521862
10820.791591221863
9174.620407721863
9724.173708621864
10655.030142021862
10175.143401921863
10411.701631221862
9239.780691321863
9487.538658321862
10989.236766821861
10021.423170321863
11246.659399221862
9580.934359421863
11777.082585371862
10411.701631221862
11867.327145001864
9797.167472921863
10904.686678821863
9047.548498621862
9580.934359421863
9580.934359421863
9441.487473321864
10655.030142021862
10820.791591221863
8985.684972421863
11246.659399221862
12233.012777951863
10253.216111321863
12049.258230071862
11598.110482321863
11074.426046521861
11421.262020421864
9110.535145121863
9652.089694321863
10573.195908921864
9724.173708621864
10492.080949121862
10021.423170321863
9652.089694321863
9580.934359421863
10332.074464521862
8807.094115521862
13079.346966231862
10411.701631221862
9373.235939121863
10820.791591221863
11867.327145001864
11777.082585371862
10820.791591221863
9305.993216921863
8924.970085221863
9239.780691321863
10097.873349821863
10989.236766821861
10655.030142021862
9110.535145121863
10655.030142021862
12699.606785131862
11598.110482321863
9652.089694321863
9797.167472921863
9373.235939121863
9305.993216921863
10492.080949121862
11421.262020421864
9797.167472921863
11074.426046521861
9724.173708621864
9441.487473321864
10175.143401921863
9797.167472921863
11958.057337601862
11867.327145001864
9305.993216921863
9724.173708621864
8924.970085221863
9580.934359421863
11598.110482321863
10411.701631221862
9047.548498621862
11598.110482321863
9580.934359421863
10097.873349821863
10411.701631221862
9580.934359421863
10332.074464521862
9871.052417821862
9652.089694321863
9373.235939121863
9373.235939121863
10097.873349821863
9652.089694321863
9871.052417821862
10492.080949121862
10175.143401921863
11074.426046521861
11246.659399221862
9487.538658321862
9441.487473321864
12049.258230071862
11509.413187121863
12511.806162311863
10411.701631221862
9047.548498621862
9652.089694321863
9373.235939121863
9580.934359421863
10655.030142021862
10097.873349821863
9871.052417821862
11333.672294821863
10175.143401921863
10492.080949121862
10573.195908921864
9652.089694321863
10904.686678821863
9239.780691321863
11074.426046521861
9373.235939121863
10021.423170321863
9047.548498621862
9110.535145121863
9487.538658321862
11958.057337601862
8534.549252021863
13367.334589471862
9305.993216921863
9724.173708621864
10411.701631221862
9724.173708621864
11074.426046521861
10655.030142021862
11777.082585371862
9652.089694321863
9174.620407721863
8749.990316021862
13079.346966231862
9871.052417821862
10021.423170321863
13560.637502241863
9724.173708621864
10573.195908921864
9797.167472921863
10021.423170321863
9110.535145121863
10021.423170321863
10021.423170321863
11867.327145001864
11160.238800721863
10021.423170321863
9724.173708621864
10655.030142021862
9487.538658321862
9871.052417821862
11421.262020421864
9871.052417821862
9487.538658321862
9239.780691321863
11074.426046521861
10904.686678821863
10021.423170321863
11687.338669021863
9580.934359421863
12049.258230071862
10253.216111321863
8924.970085221863
9174.620407721863
10904.686678821863
11160.238800721863
9110.535145121863
10021.423170321863
9110.535145121863
9871.052417821862
10573.195908921864
9510.727030521863
11333.672294821863
11687.338669021863
9373.235939121863
12511.806162311863
10097.873349821863
9652.089694321863
10021.423170321863
10021.423170321863
10253.216111321863
10820.791591221863
11777.082585371862
10573.195908921864
10820.791591221863
10175.143401921863
11687.338669021863
10573.195908921864
3637.2911931962985
2627.730803996297
3290.455219296296
2708.110121896297
2391.172574696298
1589.265111896298
1455.8098640962976
2548.1036372962967
1455.8098640962976
3290.455219296296
1940.2028813962984
2627.730803996297
1796.9635321962974
1263.5776713962964
2708.110121896297
2237.4523430962977
1657.5166460962987
2627.730803996297
3462.688571996297
2391.172574696298
2548.1036372962967
966.0194887962966
2548.1036372962967
1940.2028813962984
2469.2452840962974
1796.9635321962974
2237.4523430962977
5104.853764426298
1796.9635321962974
2391.172574696298
5295.376139006297
2087.081590596297
3036.820763996298
2313.9025225962973
4634.502108876299
2789.2250816962983
1455.8098640962976
2013.1966456962978
2237.4523430962977
2871.059314796297
4634.502108876299
1940.2028813962984
2548.1036372962967
2013.1966456962978
2548.1036372962967
2548.1036372962967
1703.5678310962971
5679.8930172762975
1455.8098640962976
1796.9635321962974
4265.2874028462975
1868.118867096298
2013.1966456962978
3903.367841796298
5970.894638296298
4356.944140836298
4356.944140836298
1868.118867096298
4356.944140836298
3120.715851596298
1868.118867096298
1703.5678310962971
3637.2911931962985
2313.9025225962973
1589.265111896298
3290.455219296296
3376.267973496298
1868.118867096298
2469.2452840962974
2789.2250816962983
3814.1396550962977
3120.715851596298
3814.1396550962977
1796.9635321962974
1201.7141451962975
3462.688571996297
2627.730803996297
1390.6495804962974
1390.6495804962974
7711.245444586299
2548.1036372962967
3036.820763996298
4356.944140836298
1868.118867096298
3120.715851596298
2789.2250816962983
1390.6495804962974
1868.118867096298
2871.059314796297
1703.5678310962971
1796.9635321962974
1589.265111896298
2627.730803996297
5104.853764426298
2087.081590596297
1657.5166460962987
4634.502108876299
2469.2452840962974
3036.820763996298
1455.8098640962976
1522.0223896962975
3036.820763996298
1455.8098640962976
1326.5643178962978
3036.820763996298
2548.1036372962967
3036.820763996298
2627.730803996297
3637.2911931962985
1796.9635321962974
2789.2250816962983
1390.6495804962974
1868.118867096298
2013.1966456962978
2087.081590596297
2013.1966456962978
1868.118867096298
1703.5678310962971
2469.2452840962974
1868.118867096298
2237.4523430962977
1796.9635321962974
2469.2452840962974
2789.2250816962983
1796.9635321962974
2391.172574696298
2548.1036372962967
2548.1036372962967
1657.5166460962987
3903.367841796298
4265.2874028462975
1796.9635321962974
1589.265111896298
2013.1966456962978
3120.715851596298
1940.2028813962984
3036.820763996298
4449.041950726298
1589.265111896298
3036.820763996298
2548.1036372962967
1390.6495804962974
1589.265111896298
5679.8930172762975
2087.081590596297
2313.9025225962973
2789.2250816962983
2469.2452840962974
2313.9025225962973
2789.2250816962983
4356.944140836298
2548.1036372962967
1868.118867096298
966.0194887962966
2627.730803996297
1703.5678310962971
7216.004966586298
1522.0223896962975
1796.9635321962974
4356.944140836298
1657.5166460962987
1140.9992579962977
2548.1036372962967
1455.8098640962976
1657.5166460962987
2548.1036372962967
1390.6495804962974
8008.5251691162985
2237.4523430962977
1589.265111896298
2237.4523430962977
2708.110121896297
2313.9025225962973
6068.323011806298
3903.367841796298
1657.5166460962987
2237.4523430962977
2708.110121896297
1940.2028813962984
2391.172574696298
3462.688571996297
1657.5166460962987
1703.5678310962971
3903.367841796298
1940.2028813962984
1703.5678310962971
2627.730803996297
2469.2452840962974
3036.820763996298
2708.110121896297
2469.2452840962974
1940.2028813962984
2013.1966456962978
2013.1966456962978
1868.118867096298
1868.118867096298
3036.820763996298
1940.2028813962984
2391.172574696298
7414.007229886298
1796.9635321962974
1703.5678310962971
3725.442359896298
2627.730803996297
2871.059314796297
1390.6495804962974
6722.1666517962985
1868.118867096298
2237.4523430962977
2391.172574696298
1868.118867096298
1940.2028813962984
2391.172574696298
2789.2250816962983
1390.6495804962974
2237.4523430962977
2548.1036372962967
4356.944140836298
1455.8098640962976
3205.265939596296
1140.9992579962977
1140.9992579962977
3205.265939596296
2627.730803996297
1940.2028813962984
2087.081590596297
2237.4523430962977
1796.9635321962974
1657.5166460962987
3036.820763996298
2789.2250816962983
2087.081590596297
3036.820763996298
4265.2874028462975
3036.820763996298
2313.9025225962973
5199.958852216299
2237.4523430962977
3120.715851596298
2087.081590596297
2313.9025225962973
1657.5166460962987
3725.442359896298
2237.4523430962977
2087.081590596297
1868.118867096298
1703.5678310962971
2708.110121896297
2087.081590596297
1455.8098640962976
2237.4523430962977
1796.9635321962974
4821.551394996297
2391.172574696298
1263.5776713962964
2013.1966456962978
2627.730803996297
3549.701467596298
4449.041950726298
7018.225765226299
2087.081590596297
2789.2250816962983
966.0194887962966
3376.267973496298
1390.6495804962974
3462.688571996297
2548.1036372962967
1657.5166460962987
1201.7141451962975
2391.172574696298
2013.1966456962978
1390.6495804962974
1326.5643178962978
5010.074791286297
1455.8098640962976
1201.7141451962975
3462.688571996297
2469.2452840962974
6459.836734526298
3205.265939596296
2237.4523430962977
1703.5678310962971
3725.442359896298
3036.820763996298
1081.4596636962974
3036.820763996298
2313.9025225962973
2237.4523430962977
2871.059314796297
3993.1117581462963
2087.081590596297
3120.715851596298
2237.4523430962977
3376.267973496298
2871.059314796297
2087.081590596297
1796.9635321962974
2013.1966456962978
1868.118867096298
2548.1036372962967
2087.081590596297
2789.2250816962983
3120.715851596298
4356.944140836298
1796.9635321962974
1868.118867096298
4449.041950726298
2391.172574696298
1726.7562032962974
3725.442359896298
1326.5643178962978
1796.9635321962974
1140.9992579962977
2871.059314796297
1868.118867096298
2087.081590596297
1390.6495804962974
1263.5776713962964
2313.9025225962973
2087.081590596297
2237.4523430962977
3903.367841796298
2789.2250816962983
1940.2028813962984
1201.7141451962975
2627.730803996297
2237.4523430962977
2237.4523430962977
1390.6495804962974
1868.118867096298
1589.265111896298
1868.118867096298
1263.5776713962964
4174.086510376297
3036.820763996298
1726.7562032962974
2391.172574696298
7314.983548996298
2237.4523430962977
2391.172574696298
4356.944140836298
1522.0223896962975
1868.118867096298
1263.5776713962964
4356.944140836298
3814.1396550962977
2313.9025225962973
4083.3563177762985
2708.110121896297
3549.701467596298
2237.4523430962977
3993.1117581462963
2237.4523430962977
1455.8098640962976
1868.118867096298
2789.2250816962983
4265.2874028462975
3637.2911931962985
3036.820763996298
1589.265111896298
2789.2250816962983
4634.502108876299
2237.4523430962977
1657.5166460962987
2237.4523430962977
2237.4523430962977
1390.6495804962974
2391.172574696298
1657.5166460962987
966.0194887962966
1390.6495804962974
2237.4523430962977
5679.8930172762975
2313.9025225962973
2391.172574696298
1657.5166460962987
1868.118867096298
3205.265939596296
3120.715851596298
2789.2250816962983
3814.1396550962977
2013.1966456962978
1326.5643178962978
4449.041950726298
1657.5166460962987
3290.455219296296
1726.7562032962974
1940.2028813962984
2313.9025225962973
1868.118867096298
3376.267973496298
1455.8098640962976
2237.4523430962977
2013.1966456962978
5487.092218086298
2087.081590596297
2469.2452840962974
3725.442359896298
2313.9025225962973
2469.2452840962974
2237.4523430962977
4356.944140836298
2013.1966456962978
5295.376139006297
2237.4523430962977
1796.9635321962974
3120.715851596298
1940.2028813962984
1868.118867096298
1326.5643178962978
2627.730803996297
2391.172574696298
3036.820763996298
2708.110121896297
3993.1117581462963
3036.820763996298
1726.7562032962974
4265.2874028462975
3725.442359896298
1703.5678310962971
3376.267973496298
2087.081590596297
1657.5166460962987
2708.110121896297
1868.118867096298
1326.5643178962978
1589.265111896298
2871.059314796297
2237.4523430962977
2469.2452840962974
4356.944140836298
4265.2874028462975
1263.5776713962964
5679.8930172762975
3549.701467596298
4083.3563177762985
2548.1036372962967
3120.715851596298
2087.081590596297
2871.059314796297
1868.118867096298
2237.4523430962977
2237.4523430962977
1326.5643178962978
3725.442359896298
3290.455219296296
1657.5166460962987
3036.820763996298
2548.1036372962967
1263.5776713962964
1263.5776713962964
1455.8098640962976
1657.5166460962987
1657.5166460962987
2627.730803996297
3993.1117581462963
1868.118867096298
1522.0223896962975
2469.2452840962974
2627.730803996297
3120.715851596298
4821.551394996297
1140.9992579962977
3903.367841796298
2708.110121896297
2313.9025225962973
2237.4523430962977
1940.2028813962984
1390.6495804962974
2013.1966456962978
2237.4523430962977
2708.110121896297
3290.455219296296
1140.9992579962977
1263.5776713962964
4915.635957906297
4265.2874028462975
2237.4523430962977
2789.2250816962983
2871.059314796297
3036.820763996298
1455.8098640962976
1140.9992579962977
3462.688571996297
4634.502108876299
3036.820763996298
2013.1966456962978
2087.081590596297
1657.5166460962987
3725.442359896298
1796.9635321962974
2237.4523430962977
3637.2911931962985
2548.1036372962967
2708.110121896297
2087.081590596297
2789.2250816962983
1703.5678310962971
2087.081590596297
1868.118867096298
2391.172574696298
1201.7141451962975
2548.1036372962967
2789.2250816962983
1940.2028813962984
1796.9635321962974
1657.5166460962987
2391.172574696298
2087.081590596297
2469.2452840962974
2469.2452840962974
6263.744797726298
2087.081590596297
3036.820763996298
4727.835335086298
2871.059314796297
4174.086510376297
2237.4523430962977
3462.688571996297
5776.6666750162985
2237.4523430962977
1326.5643178962978
1868.118867096298
1023.1232882962972
2789.2250816962983
1140.9992579962977
1455.8098640962976
2087.081590596297
2087.081590596297
1201.7141451962975
3637.2911931962985
1081.4596636962974
2391.172574696298
2313.9025225962973
2237.4523430962977
1940.2028813962984
2237.4523430962977
2548.1036372962967
3120.715851596298
1868.118867096298
2313.9025225962973
2013.1966456962978
2391.172574696298
1703.5678310962971
1589.265111896298
2548.1036372962967
2013.1966456962978
4727.835335086298
1726.7562032962974
1589.265111896298
2548.1036372962967
2871.059314796297
1140.9992579962977
2313.9025225962973
2627.730803996297
2548.1036372962967
2708.110121896297
1703.5678310962971
1703.5678310962971
1940.2028813962984
2469.2452840962974
7810.347042196298
1703.5678310962971
1940.2028813962984
5583.3637622462975
1455.8098640962976
2087.081590596297
2313.9025225962973
1140.9992579962977
1390.6495804962974
1589.265111896298
2627.730803996297
2469.2452840962974
3036.820763996298
6525.332678646298
2237.4523430962977
3120.715851596298
2708.110121896297
3036.820763996298
3993.1117581462963
2871.059314796297
3725.442359896298
2469.2452840962974
2013.1966456962978
3205.265939596296
2627.730803996297
2469.2452840962974
1703.5678310962971
1326.5643178962978
2871.059314796297
2391.172574696298
1657.5166460962987
5776.6666750162985
2548.1036372962967
3814.1396550962977
2548.1036372962967
1796.9635321962974
1455.8098640962976
2469.2452840962974
1940.2028813962984
2548.1036372962967
2087.081590596297
2789.2250816962983
3036.820763996298
1796.9635321962974
5391.091822556298
1796.9635321962974
2013.1966456962978
2237.4523430962977
4541.566141806299
2708.110121896297
1726.7562032962974
3120.715851596298
2313.9025225962973
1140.9992579962977
2013.1966456962978
3549.701467596298
2237.4523430962977
3376.267973496298
4541.566141806299
4541.566141806299
2013.1966456962978
2871.059314796297
2313.9025225962973
2087.081590596297
3120.715851596298
3036.820763996298
1589.265111896298
4356.944140836298
1522.0223896962975
2087.081590596297
2548.1036372962967
2871.059314796297
1455.8098640962976
2789.2250816962983
2789.2250816962983
3036.820763996298
1940.2028813962984
1940.2028813962984
2391.172574696298
2548.1036372962967
4356.944140836298
1522.0223896962975
2087.081590596297
5970.894638296298
3036.820763996298
1589.265111896298
2313.9025225962973
2313.9025225962973
1796.9635321962974
1522.0223896962975
1657.5166460962987
2708.110121896297
1868.118867096298
1657.5166460962987
1657.5166460962987
1868.118867096298
1589.265111896298
1868.118867096298
3549.701467596298
1940.2028813962984
4356.944140836298
1868.118867096298
1657.5166460962987
4449.041950726298
2237.4523430962977
1589.265111896298
3376.267973496298
3903.367841796298
2391.172574696298
2313.9025225962973
1589.265111896298
2469.2452840962974
3036.820763996298
1868.118867096298
2391.172574696298
2789.2250816962983
2313.9025225962973
1657.5166460962987
1868.118867096298
2548.1036372962967
2237.4523430962977
2708.110121896297
1868.118867096298
1455.8098640962976
2627.730803996297
3376.267973496298
2548.1036372962967
4265.2874028462975
3903.367841796298
3637.2911931962985
1796.9635321962974
2237.4523430962977
2871.059314796297
3205.265939596296
2013.1966456962978
2708.110121896297
3120.715851596298
4174.086510376297
1390.6495804962974
3036.820763996298
2087.081590596297
3725.442359896298
3120.715851596298
2548.1036372962967
1940.2028813962984
3120.715851596298
4541.566141806299
4265.2874028462975
3814.1396550962977
2548.1036372962967
2871.059314796297
2871.059314796297
1940.2028813962984
1868.118867096298
1657.5166460962987
7117.082103766297
11454.433383926298
2313.9025225962973
1703.5678310962971
1868.118867096298
4821.551394996297
4821.551394996297
2391.172574696298
11454.433383926298
4821.551394996297
3205.265939596296
2469.2452840962974
2391.172574696298
1868.118867096298
1263.5776713962964
2469.2452840962974
3462.688571996297
6459.836734526298
1589.265111896298
1940.2028813962984
2469.2452840962974
2013.1966456962978
2789.2250816962983
2391.172574696298
1726.7562032962974
3120.715851596298
1455.8098640962976
2087.081590596297
3205.265939596296
1796.9635321962974
4356.944140836298
3205.265939596296
1940.2028813962984
3903.367841796298
1657.5166460962987
2469.2452840962974
1726.7562032962974
2548.1036372962967
1868.118867096298
1455.8098640962976
2548.1036372962967
2469.2452840962974
1390.6495804962974
1140.9992579962977
2391.172574696298
1940.2028813962984
3290.455219296296
3036.820763996298
7612.148331806298
1796.9635321962974
3290.455219296296
2237.4523430962977
1940.2028813962984
2237.4523430962977
3814.1396550962977
3036.820763996298
1796.9635321962974
2391.172574696298
1657.5166460962987
2871.059314796297
2708.110121896297
2087.081590596297
1140.9992579962977
1522.0223896962975
2087.081590596297
2313.9025225962973
1522.0223896962975
3120.715851596298
2627.730803996297
4915.635957906297
1796.9635321962974
6263.744797726298
1703.5678310962971
3036.820763996298
3036.820763996298
2627.730803996297
2391.172574696298
1263.5776713962964
2391.172574696298
3637.2911931962985
2013.1966456962978
2871.059314796297
1657.5166460962987
2087.081590596297
5199.958852216299
2237.4523430962977
1455.8098640962976
1726.7562032962974
1868.118867096298
2548.1036372962967
1703.5678310962971
3814.1396550962977
3036.820763996298
1796.9635321962974
1522.0223896962975
2391.172574696298
2391.172574696298
3462.688571996297
1703.5678310962971
2789.2250816962983
1703.5678310962971
2237.4523430962977
3814.1396550962977
3376.267973496298
5970.894638296298
2871.059314796297
2087.081590596297
1589.265111896298
1796.9635321962974
2313.9025225962973
1940.2028813962984
2548.1036372962967
1023.1232882962972
2237.4523430962977
4727.835335086298
3120.715851596298
3725.442359896298
1868.118867096298
2469.2452840962974
2237.4523430962977
2237.4523430962977
1940.2028813962984
2237.4523430962977
3462.688571996297
2871.059314796297
2237.4523430962977
2237.4523430962977
2469.2452840962974
2237.4523430962977
2013.1966456962978
2391.172574696298
2313.9025225962973
2708.110121896297
2469.2452840962974
3036.820763996298
1703.5678310962971
2548.1036372962967
2871.059314796297
4174.086510376297
4449.041950726298
3814.1396550962977
2237.4523430962977
3376.267973496298
2871.059314796297
2789.2250816962983
2627.730803996297
1657.5166460962987
2789.2250816962983
2087.081590596297
2627.730803996297
2871.059314796297
5583.3637622462975
3036.820763996298
1796.9635321962974
1455.8098640962976
1455.8098640962976
2013.1966456962978
1796.9635321962974
2237.4523430962977
1455.8098640962976
3903.367841796298
4265.2874028462975
1589.265111896298
3036.820763996298
4083.3563177762985
1868.118867096298
2871.059314796297
1868.118867096298
2237.4523430962977
2013.1966456962978
2313.9025225962973
5583.3637622462975
3036.820763996298
1589.265111896298
1868.118867096298
2548.1036372962967
2313.9025225962973
2871.059314796297
2391.172574696298
1657.5166460962987
1940.2028813962984
2087.081590596297
3120.715851596298
3376.267973496298
4174.086510376297
1263.5776713962964
1263.5776713962964
1726.7562032962974
3120.715851596298
1940.2028813962984
3036.820763996298
3549.701467596298
2469.2452840962974
5679.8930172762975
3993.1117581462963
1657.5166460962987
2237.4523430962977
1868.118867096298
3462.688571996297
1796.9635321962974
3814.1396550962977
4356.944140836298
1796.9635321962974
6459.836734526298
3036.820763996298
2087.081590596297
1796.9635321962974
2469.2452840962974
2013.1966456962978
1703.5678310962971
4727.835335086298
2548.1036372962967
2013.1966456962978
3725.442359896298
3725.442359896298
2087.081590596297
3205.265939596296
2548.1036372962967
3036.820763996298
2871.059314796297
1868.118867096298
2237.4523430962977
2391.172574696298
2391.172574696298
1522.0223896962975
2789.2250816962983
2627.730803996297
1940.2028813962984
3036.820763996298
3993.1117581462963
3036.820763996298
1589.265111896298
1589.265111896298
4083.3563177762985
3036.820763996298
2313.9025225962973
2013.1966456962978
2013.1966456962978
1796.9635321962974
2548.1036372962967
2469.2452840962974
3120.715851596298
3036.820763996298
2469.2452840962974
3205.265939596296
2087.081590596297
1326.5643178962978
3036.820763996298
2391.172574696298
1796.9635321962974
1522.0223896962975
3814.1396550962977
2013.1966456962978
2708.110121896297
2789.2250816962983
3376.267973496298
1940.2028813962984
3549.701467596298
2548.1036372962967
2013.1966456962978
4083.3563177762985
2237.4523430962977
1589.265111896298
2391.172574696298
1940.2028813962984
2313.9025225962973
2313.9025225962973
1455.8098640962976
2087.081590596297
4265.2874028462975
1940.2028813962984
3993.1117581462963
3120.715851596298
3290.455219296296
1589.265111896298
2087.081590596297
3120.715851596298
1657.5166460962987
2237.4523430962977
2313.9025225962973
2013.1966456962978
1390.6495804962974
6525.332678646298
2237.4523430962977
