17.27531966528553
44.78176918080559
56.39805807200015
56.4390394243729
57.98505464360427
65.66279335378917
65.85974918912507
67.23871714646907
69.7623115095253
69.85339265194392
70.7574854564004
72.42775059654463
76.07895667771709
78.61052683161839
79.64350071379005
80.22434574749754
81.13106046492108
82.36972144919682
83.1078235659674
84.15205566285118
91.20064659891152
100.42683086646932
101.1349104999837
101.18872248268298
101.69502799921862
101.96613010475153
102.72654995634267
104.66647549972637
105.51058655555696
114.95757590122518
118.97922848380443
126.67065727568747
129.3911614962794
137.55139840121268
138.1844886257792
142.93891455086342
147.61784031441087
160.4938673965029
184.3885164981692
185.10206327774924
190.53865364433108
198.58387593254926
208.03340105971174
218.51408261236912
226.876570177498
240.11005334620046
241.9905000065622
242.60595217065983
246.71096215593494
248.5473799051746
248.6764639673601
258.2708961632172
262.5074053643586
266.6757182210837
275.63726114013707
296.9421656801819
303.30059922806134
305.96321274576235
306.4794397235736
310.4187831984261
331.5498634639192
340.33600069674395
342.78255017702895
350.515719915199
350.8285682052129
374.0025794854453
417.5182553997207
425.0408845647043
434.10636535303166
440.276167663558
452.4575188617627
454.32897183909785
457.96481422255897
463.51488823673026
490.99752519672825
502.8717796843661
515.8302016925585
519.5456073080376
537.050571999669
556.5224691052575
557.6009610404074
588.6589401666005
596.1679069304236
601.4061458492004
605.0652499343001
614.060729712761
625.5860534734718
626.7935070204819
637.1338301364714
647.2371761422884
660.6490536921284
671.9336790255625
697.3415459984752
735.6436756601023
742.3697727660185
780.7023904350172
784.3132259996348
792.6574649586396
793.5480115921483
798.8354460023172
801.5551881791338
841.1258218385452
866.7651376835778
1106.6317143899016
1170.084828772188
1326.868154750737
1387.560169125404
1517.5716580906728
1690.0573333354853
1868.5876594338797
1912.669176969607
2495.738755024565
17.27531966528553
44.78176918080559
56.39805807200015
56.4390394243729
57.98505464360427
65.66279335378917
65.85974918912507
67.23871714646907
69.7623115095253
69.85339265194392
70.7574854564004
72.42775059654463
76.07895667771709
78.61052683161839
79.64350071379005
80.22434574749754
81.13106046492108
82.36972144919682
83.1078235659674
84.15205566285118
91.20064659891152
100.42683086646932
101.1349104999837
101.18872248268298
101.69502799921862
101.96613010475153
102.72654995634267
104.66647549972637
105.51058655555696
114.95757590122518
118.97922848380443
126.67065727568747
129.3911614962794
137.55139840121268
138.1844886257792
142.93891455086342
147.61784031441087
160.4938673965029
184.3885164981692
185.10206327774924
190.53865364433108
198.58387593254926
208.03340105971174
218.51408261236912
226.876570177498
240.11005334620046
241.9905000065622
242.60595217065983
246.71096215593494
248.5473799051746
248.6764639673601
258.2708961632172
262.5074053643586
266.6757182210837
275.63726114013707
296.9421656801819
303.30059922806134
305.96321274576235
306.4794397235736
310.4187831984261
331.5498634639192
340.33600069674395
342.78255017702895
350.515719915199
350.8285682052129
374.0025794854453
417.5182553997207
425.0408845647043
434.10636535303166
440.276167663558
452.4575188617627
454.32897183909785
457.96481422255897
463.51488823673026
490.99752519672825
502.8717796843661
515.8302016925585
519.5456073080376
537.050571999669
556.5224691052575
557.6009610404074
588.6589401666005
596.1679069304236
601.4061458492004
605.0652499343001
614.060729712761
625.5860534734718
626.7935070204819
637.1338301364714
647.2371761422884
660.6490536921284
671.9336790255625
697.3415459984752
735.6436756601023
742.3697727660185
780.7023904350172
784.3132259996348
792.6574649586396
793.5480115921483
798.8354460023172
801.5551881791338
841.1258218385452
866.7651376835778
1106.6317143899016
1170.084828772188
1326.868154750737
1387.560169125404
1517.5716580906728
1690.0573333354853
1868.5876594338797
1912.669176969607
2495.738755024565
17.27531966528553
44.78176918080559
56.39805807200015
56.4390394243729
57.98505464360427
65.66279335378917
65.85974918912507
67.23871714646907
69.7623115095253
69.85339265194392
70.7574854564004
72.42775059654463
76.07895667771709
78.61052683161839
79.64350071379005
80.22434574749754
81.13106046492108
82.36972144919682
83.1078235659674
84.15205566285118
91.20064659891152
100.42683086646932
101.1349104999837
101.18872248268298
101.69502799921862
101.96613010475153
102.72654995634267
104.66647549972637
105.51058655555696
114.95757590122518
118.97922848380443
126.67065727568747
129.3911614962794
137.55139840121268
138.1844886257792
142.93891455086342
147.61784031441087
160.4938673965029
184.3885164981692
185.10206327774924
190.53865364433108
198.58387593254926
208.03340105971174
218.51408261236912
226.876570177498
240.11005334620046
241.9905000065622
242.60595217065983
246.71096215593494
248.5473799051746
248.6764639673601
258.2708961632172
262.5074053643586
266.6757182210837
275.63726114013707
296.9421656801819
303.30059922806134
305.96321274576235
306.4794397235736
310.4187831984261
331.5498634639192
340.33600069674395
342.78255017702895
350.515719915199
350.8285682052129
374.0025794854453
417.5182553997207
425.0408845647043
434.10636535303166
440.276167663558
452.4575188617627
454.32897183909785
457.96481422255897
463.51488823673026
490.99752519672825
502.8717796843661
515.8302016925585
519.5456073080376
537.050571999669
556.5224691052575
557.6009610404074
588.6589401666005
596.1679069304236
601.4061458492004
605.0652499343001
614.060729712761
625.5860534734718
626.7935070204819
637.1338301364714
647.2371761422884
660.6490536921284
671.9336790255625
697.3415459984752
735.6436756601023
742.3697727660185
780.7023904350172
784.3132259996348
792.6574649586396
793.5480115921483
798.8354460023172
801.5551881791338
841.1258218385452
866.7651376835778
1106.6317143899016
1170.084828772188
1326.868154750737
1387.560169125404
1517.5716580906728
1690.0573333354853
1868.5876594338797
1912.669176969607
2495.738755024565
17.27531966528553
44.78176918080559
56.39805807200015
56.4390394243729
57.98505464360427
65.66279335378917
65.85974918912507
67.23871714646907
69.7623115095253
69.85339265194392
70.7574854564004
72.42775059654463
76.07895667771709
78.61052683161839
79.64350071379005
80.22434574749754
81.13106046492108
82.36972144919682
83.1078235659674
84.15205566285118
91.20064659891152
100.42683086646932
101.1349104999837
101.18872248268298
101.69502799921862
101.96613010475153
102.72654995634267
104.66647549972637
105.51058655555696
114.95757590122518
118.97922848380443
126.67065727568747
129.3911614962794
137.55139840121268
138.1844886257792
142.93891455086342
147.61784031441087
160.4938673965029
184.3885164981692
185.10206327774924
190.53865364433108
198.58387593254926
208.03340105971174
218.51408261236912
226.876570177498
240.11005334620046
241.9905000065622
242.60595217065983
246.71096215593494
248.5473799051746
248.6764639673601
258.2708961632172
262.5074053643586
266.6757182210837
275.63726114013707
296.9421656801819
303.30059922806134
305.96321274576235
306.4794397235736
310.4187831984261
331.5498634639192
340.33600069674395
342.78255017702895
350.515719915199
350.8285682052129
374.0025794854453
417.5182553997207
425.0408845647043
434.10636535303166
440.276167663558
452.4575188617627
454.32897183909785
457.96481422255897
463.51488823673026
490.99752519672825
502.8717796843661
515.8302016925585
519.5456073080376
537.050571999669
556.5224691052575
557.6009610404074
588.6589401666005
596.1679069304236
601.4061458492004
605.0652499343001
614.060729712761
625.5860534734718
626.7935070204819
637.1338301364714
647.2371761422884
660.6490536921284
671.9336790255625
697.3415459984752
735.6436756601023
742.3697727660185
780.7023904350172
784.3132259996348
792.6574649586396
793.5480115921483
798.8354460023172
801.5551881791338
841.1258218385452
866.7651376835778
1106.6317143899016
1170.084828772188
1326.868154750737
1387.560169125404
1517.5716580906728
1690.0573333354853
1868.5876594338797
1912.669176969607
2495.738755024565
17.27531966528553
44.78176918080559
56.39805807200015
56.4390394243729
57.98505464360427
65.66279335378917
65.85974918912507
67.23871714646907
69.7623115095253
69.85339265194392
70.7574854564004
72.42775059654463
76.07895667771709
78.61052683161839
79.64350071379005
80.22434574749754
81.13106046492108
82.36972144919682
83.1078235659674
84.15205566285118
91.20064659891152
100.42683086646932
101.1349104999837
101.18872248268298
101.69502799921862
101.96613010475153
102.72654995634267
104.66647549972637
105.51058655555696
114.95757590122518
118.97922848380443
126.67065727568747
129.3911614962794
137.55139840121268
138.1844886257792
142.93891455086342
147.61784031441087
160.4938673965029
184.3885164981692
185.10206327774924
190.53865364433108
198.58387593254926
208.03340105971174
218.51408261236912
226.876570177498
240.11005334620046
241.9905000065622
242.60595217065983
246.71096215593494
248.5473799051746
248.6764639673601
258.2708961632172
262.5074053643586
266.6757182210837
275.63726114013707
296.9421656801819
303.30059922806134
305.96321274576235
306.4794397235736
310.4187831984261
331.5498634639192
340.33600069674395
342.78255017702895
350.515719915199
350.8285682052129
374.0025794854453
417.5182553997207
425.0408845647043
434.10636535303166
440.276167663558
452.4575188617627
454.32897183909785
457.96481422255897
463.51488823673026
490.99752519672825
502.8717796843661
515.8302016925585
519.5456073080376
537.050571999669
556.5224691052575
557.6009610404074
588.6589401666005
596.1679069304236
601.4061458492004
605.0652499343001
614.060729712761
625.5860534734718
626.7935070204819
637.1338301364714
647.2371761422884
660.6490536921284
671.9336790255625
697.3415459984752
735.6436756601023
742.3697727660185
780.7023904350172
784.3132259996348
792.6574649586396
793.5480115921483
798.8354460023172
801.5551881791338
841.1258218385452
866.7651376835778
1106.6317143899016
1170.084828772188
1326.868154750737
1387.560169125404
1517.5716580906728
1690.0573333354853
1868.5876594338797
1912.669176969607
2495.738755024565
17.27531966528553
44.78176918080559
56.39805807200015
56.4390394243729
57.98505464360427
65.66279335378917
65.85974918912507
67.23871714646907
69.7623115095253
69.85339265194392
70.7574854564004
72.42775059654463
76.07895667771709
78.61052683161839
79.64350071379005
80.22434574749754
81.13106046492108
82.36972144919682
83.1078235659674
84.15205566285118
91.20064659891152
100.42683086646932
101.1349104999837
101.18872248268298
101.69502799921862
101.96613010475153
102.72654995634267
104.66647549972637
105.51058655555696
114.95757590122518
118.97922848380443
126.67065727568747
129.3911614962794
137.55139840121268
138.1844886257792
142.93891455086342
147.61784031441087
160.4938673965029
184.3885164981692
185.10206327774924
190.53865364433108
198.58387593254926
208.03340105971174
218.51408261236912
226.876570177498
240.11005334620046
241.9905000065622
242.60595217065983
246.71096215593494
248.5473799051746
248.6764639673601
258.2708961632172
262.5074053643586
266.6757182210837
275.63726114013707
296.9421656801819
303.30059922806134
305.96321274576235
306.4794397235736
310.4187831984261
331.5498634639192
340.33600069674395
342.78255017702895
350.515719915199
350.8285682052129
374.0025794854453
417.5182553997207
425.0408845647043
434.10636535303166
440.276167663558
452.4575188617627
454.32897183909785
457.96481422255897
463.51488823673026
490.99752519672825
502.8717796843661
515.8302016925585
519.5456073080376
537.050571999669
556.5224691052575
557.6009610404074
588.6589401666005
596.1679069304236
601.4061458492004
605.0652499343001
614.060729712761
625.5860534734718
626.7935070204819
637.1338301364714
647.2371761422884
660.6490536921284
671.9336790255625
697.3415459984752
735.6436756601023
742.3697727660185
780.7023904350172
784.3132259996348
792.6574649586396
793.5480115921483
798.8354460023172
801.5551881791338
841.1258218385452
866.7651376835778
1106.6317143899016
1170.084828772188
1326.868154750737
1387.560169125404
1517.5716580906728
1690.0573333354853
1868.5876594338797
1912.669176969607
2495.738755024565
17.27531966528553
44.78176918080559
56.39805807200015
56.4390394243729
57.98505464360427
65.66279335378917
65.85974918912507
67.23871714646907
69.7623115095253
69.85339265194392
70.7574854564004
72.42775059654463
76.07895667771709
78.61052683161839
79.64350071379005
80.22434574749754
81.13106046492108
82.36972144919682
83.1078235659674
84.15205566285118
91.20064659891152
100.42683086646932
101.1349104999837
101.18872248268298
101.69502799921862
101.96613010475153
102.72654995634267
104.66647549972637
105.51058655555696
114.95757590122518
118.97922848380443
126.67065727568747
129.3911614962794
137.55139840121268
138.1844886257792
142.93891455086342
147.61784031441087
160.4938673965029
184.3885164981692
185.10206327774924
190.53865364433108
198.58387593254926
208.03340105971174
218.51408261236912
226.876570177498
240.11005334620046
241.9905000065622
242.60595217065983
246.71096215593494
248.5473799051746
248.6764639673601
258.2708961632172
262.5074053643586
266.6757182210837
275.63726114013707
296.9421656801819
303.30059922806134
305.96321274576235
306.4794397235736
310.4187831984261
331.5498634639192
340.33600069674395
342.78255017702895
350.515719915199
350.8285682052129
374.0025794854453
417.5182553997207
425.0408845647043
434.10636535303166
440.276167663558
452.4575188617627
454.32897183909785
457.96481422255897
463.51488823673026
490.99752519672825
502.8717796843661
515.8302016925585
519.5456073080376
537.050571999669
556.5224691052575
557.6009610404074
588.6589401666005
596.1679069304236
601.4061458492004
605.0652499343001
614.060729712761
625.5860534734718
626.7935070204819
637.1338301364714
647.2371761422884
660.6490536921284
671.9336790255625
697.3415459984752
735.6436756601023
742.3697727660185
780.7023904350172
784.3132259996348
792.6574649586396
793.5480115921483
798.8354460023172
801.5551881791338
841.1258218385452
866.7651376835778
1106.6317143899016
1170.084828772188
1326.868154750737
1387.560169125404
1517.5716580906728
1690.0573333354853
1868.5876594338797
1912.669176969607
2495.738755024565
17.27531966528553
44.78176918080559
56.39805807200015
56.4390394243729
57.98505464360427
65.66279335378917
65.85974918912507
67.23871714646907
69.7623115095253
69.85339265194392
70.7574854564004
72.42775059654463
76.07895667771709
78.61052683161839
79.64350071379005
80.22434574749754
81.13106046492108
82.36972144919682
83.1078235659674
84.15205566285118
91.20064659891152
100.42683086646932
101.1349104999837
101.18872248268298
101.69502799921862
101.96613010475153
102.72654995634267
104.66647549972637
105.51058655555696
114.95757590122518
118.97922848380443
126.67065727568747
129.3911614962794
137.55139840121268
138.1844886257792
142.93891455086342
147.61784031441087
160.4938673965029
184.3885164981692
185.10206327774924
190.53865364433108
198.58387593254926
208.03340105971174
218.51408261236912
226.876570177498
240.11005334620046
241.9905000065622
242.60595217065983
246.71096215593494
248.5473799051746
248.6764639673601
258.2708961632172
262.5074053643586
266.6757182210837
275.63726114013707
296.9421656801819
303.30059922806134
305.96321274576235
306.4794397235736
310.4187831984261
331.5498634639192
340.33600069674395
342.78255017702895
350.515719915199
350.8285682052129
374.0025794854453
417.5182553997207
425.0408845647043
434.10636535303166
440.276167663558
452.4575188617627
454.32897183909785
457.96481422255897
463.51488823673026
490.99752519672825
502.8717796843661
515.8302016925585
519.5456073080376
537.050571999669
556.5224691052575
557.6009610404074
588.6589401666005
596.1679069304236
601.4061458492004
605.0652499343001
614.060729712761
625.5860534734718
626.7935070204819
637.1338301364714
647.2371761422884
660.6490536921284
671.9336790255625
697.3415459984752
735.6436756601023
742.3697727660185
780.7023904350172
784.3132259996348
792.6574649586396
793.5480115921483
798.8354460023172
801.5551881791338
841.1258218385452
866.7651376835778
1106.6317143899016
1170.084828772188
1326.868154750737
1387.560169125404
1517.5716580906728
1690.0573333354853
1868.5876594338797
1912.669176969607
2495.738755024565
17.27531966528553
44.78176918080559
56.39805807200015
56.4390394243729
57.98505464360427
65.66279335378917
65.85974918912507
67.23871714646907
69.7623115095253
69.85339265194392
70.7574854564004
72.42775059654463
76.07895667771709
78.61052683161839
79.64350071379005
80.22434574749754
81.13106046492108
82.36972144919682
83.1078235659674
84.15205566285118
91.20064659891152
100.42683086646932
101.1349104999837
101.18872248268298
101.69502799921862
101.96613010475153
102.72654995634267
104.66647549972637
105.51058655555696
114.95757590122518
118.97922848380443
126.67065727568747
129.3911614962794
137.55139840121268
138.1844886257792
142.93891455086342
147.61784031441087
160.4938673965029
184.3885164981692
185.10206327774924
190.53865364433108
198.58387593254926
208.03340105971174
218.51408261236912
226.876570177498
240.11005334620046
241.9905000065622
242.60595217065983
246.71096215593494
248.5473799051746
248.6764639673601
258.2708961632172
262.5074053643586
266.6757182210837
275.63726114013707
296.9421656801819
303.30059922806134
305.96321274576235
306.4794397235736
310.4187831984261
331.5498634639192
340.33600069674395
342.78255017702895
350.515719915199
350.8285682052129
374.0025794854453
417.5182553997207
425.0408845647043
434.10636535303166
440.276167663558
452.4575188617627
454.32897183909785
457.96481422255897
463.51488823673026
490.99752519672825
502.8717796843661
515.8302016925585
519.5456073080376
537.050571999669
556.5224691052575
557.6009610404074
588.6589401666005
596.1679069304236
601.4061458492004
605.0652499343001
614.060729712761
625.5860534734718
626.7935070204819
637.1338301364714
647.2371761422884
660.6490536921284
671.9336790255625
697.3415459984752
735.6436756601023
742.3697727660185
780.7023904350172
784.3132259996348
792.6574649586396
793.5480115921483
798.8354460023172
801.5551881791338
841.1258218385452
866.7651376835778
1106.6317143899016
1170.084828772188
1326.868154750737
1387.560169125404
1517.5716580906728
1690.0573333354853
1868.5876594338797
1912.669176969607
2495.738755024565
17.27531966528553
44.78176918080559
56.39805807200015
56.4390394243729
57.98505464360427
65.66279335378917
65.85974918912507
67.23871714646907
69.7623115095253
69.85339265194392
70.7574854564004
72.42775059654463
76.07895667771709
78.61052683161839
79.64350071379005
80.22434574749754
81.13106046492108
82.36972144919682
83.1078235659674
84.15205566285118
91.20064659891152
100.42683086646932
101.1349104999837
101.18872248268298
101.69502799921862
101.96613010475153
102.72654995634267
104.66647549972637
105.51058655555696
114.95757590122518
118.97922848380443
126.67065727568747
129.3911614962794
137.55139840121268
138.1844886257792
142.93891455086342
147.61784031441087
160.4938673965029
184.3885164981692
185.10206327774924
190.53865364433108
198.58387593254926
208.03340105971174
218.51408261236912
226.876570177498
240.11005334620046
241.9905000065622
242.60595217065983
246.71096215593494
248.5473799051746
248.6764639673601
258.2708961632172
262.5074053643586
266.6757182210837
275.63726114013707
296.9421656801819
303.30059922806134
305.96321274576235
306.4794397235736
310.4187831984261
331.5498634639192
340.33600069674395
342.78255017702895
350.515719915199
350.8285682052129
374.0025794854453
417.5182553997207
425.0408845647043
434.10636535303166
440.276167663558
452.4575188617627
454.32897183909785
457.96481422255897
463.51488823673026
490.99752519672825
502.8717796843661
515.8302016925585
519.5456073080376
537.050571999669
556.5224691052575
557.6009610404074
588.6589401666005
596.1679069304236
601.4061458492004
605.0652499343001
614.060729712761
625.5860534734718
626.7935070204819
637.1338301364714
647.2371761422884
660.6490536921284
671.9336790255625
697.3415459984752
735.6436756601023
742.3697727660185
780.7023904350172
784.3132259996348
792.6574649586396
793.5480115921483
798.8354460023172
801.5551881791338
841.1258218385452
866.7651376835778
1106.6317143899016
1170.084828772188
1326.868154750737
1387.560169125404
1517.5716580906728
1690.0573333354853
1868.5876594338797
1912.669176969607
2495.738755024565
17.27531966528553
44.78176918080559
56.39805807200015
56.4390394243729
57.98505464360427
65.66279335378917
65.85974918912507
67.23871714646907
69.7623115095253
69.85339265194392
70.7574854564004
72.42775059654463
76.07895667771709
78.61052683161839
79.64350071379005
80.22434574749754
81.13106046492108
82.36972144919682
83.1078235659674
84.15205566285118
91.20064659891152
100.42683086646932
101.1349104999837
101.18872248268298
101.69502799921862
101.96613010475153
102.72654995634267
104.66647549972637
105.51058655555696
114.95757590122518
118.97922848380443
126.67065727568747
129.3911614962794
137.55139840121268
138.1844886257792
142.93891455086342
147.61784031441087
160.4938673965029
184.3885164981692
185.10206327774924
190.53865364433108
198.58387593254926
208.03340105971174
218.51408261236912
226.876570177498
240.11005334620046
241.9905000065622
242.60595217065983
246.71096215593494
248.5473799051746
248.6764639673601
258.2708961632172
262.5074053643586
266.6757182210837
275.63726114013707
296.9421656801819
303.30059922806134
305.96321274576235
306.4794397235736
310.4187831984261
331.5498634639192
340.33600069674395
342.78255017702895
350.515719915199
350.8285682052129
374.0025794854453
417.5182553997207
425.0408845647043
434.10636535303166
440.276167663558
452.4575188617627
454.32897183909785
457.96481422255897
463.51488823673026
490.99752519672825
502.8717796843661
515.8302016925585
519.5456073080376
537.050571999669
556.5224691052575
557.6009610404074
588.6589401666005
596.1679069304236
601.4061458492004
605.0652499343001
614.060729712761
625.5860534734718
626.7935070204819
637.1338301364714
647.2371761422884
660.6490536921284
671.9336790255625
697.3415459984752
735.6436756601023
742.3697727660185
780.7023904350172
784.3132259996348
792.6574649586396
793.5480115921483
798.8354460023172
801.5551881791338
841.1258218385452
866.7651376835778
1106.6317143899016
1170.084828772188
1326.868154750737
1387.560169125404
1517.5716580906728
1690.0573333354853
1868.5876594338797
1912.669176969607
2495.738755024565
17.27531966528553
44.78176918080559
56.39805807200015
56.4390394243729
57.98505464360427
65.66279335378917
65.85974918912507
67.23871714646907
69.7623115095253
69.85339265194392
70.7574854564004
72.42775059654463
76.07895667771709
78.61052683161839
79.64350071379005
80.22434574749754
81.13106046492108
82.36972144919682
83.1078235659674
84.15205566285118
91.20064659891152
100.42683086646932
101.1349104999837
101.18872248268298
101.69502799921862
101.96613010475153
102.72654995634267
104.66647549972637
105.51058655555696
114.95757590122518
118.97922848380443
126.67065727568747
129.3911614962794
137.55139840121268
138.1844886257792
142.93891455086342
147.61784031441087
160.4938673965029
184.3885164981692
185.10206327774924
190.53865364433108
198.58387593254926
208.03340105971174
218.51408261236912
226.876570177498
240.11005334620046
241.9905000065622
242.60595217065983
246.71096215593494
248.5473799051746
248.6764639673601
258.2708961632172
262.5074053643586
266.6757182210837
275.63726114013707
296.9421656801819
303.30059922806134
305.96321274576235
306.4794397235736
310.4187831984261
331.5498634639192
340.33600069674395
342.78255017702895
350.515719915199
350.8285682052129
374.0025794854453
417.5182553997207
425.0408845647043
434.10636535303166
440.276167663558
452.4575188617627
454.32897183909785
457.96481422255897
463.51488823673026
490.99752519672825
502.8717796843661
515.8302016925585
519.5456073080376
537.050571999669
556.5224691052575
557.6009610404074
588.6589401666005
596.1679069304236
601.4061458492004
605.0652499343001
614.060729712761
625.5860534734718
626.7935070204819
637.1338301364714
647.2371761422884
660.6490536921284
671.9336790255625
697.3415459984752
735.6436756601023
742.3697727660185
780.7023904350172
784.3132259996348
792.6574649586396
793.5480115921483
798.8354460023172
801.5551881791338
841.1258218385452
866.7651376835778
1106.6317143899016
1170.084828772188
1326.868154750737
1387.560169125404
1517.5716580906728
1690.0573333354853
1868.5876594338797
1912.669176969607
2495.738755024565
17.27531966528553
44.78176918080559
56.39805807200015
56.4390394243729
57.98505464360427
65.66279335378917
65.85974918912507
67.23871714646907
69.7623115095253
69.85339265194392
70.7574854564004
72.42775059654463
76.07895667771709
78.61052683161839
79.64350071379005
80.22434574749754
81.13106046492108
82.36972144919682
83.1078235659674
84.15205566285118
91.20064659891152
100.42683086646932
101.1349104999837
101.18872248268298
101.69502799921862
101.96613010475153
102.72654995634267
104.66647549972637
105.51058655555696
114.95757590122518
118.97922848380443
126.67065727568747
129.3911614962794
137.55139840121268
138.1844886257792
142.93891455086342
147.61784031441087
160.4938673965029
184.3885164981692
185.10206327774924
190.53865364433108
198.58387593254926
208.03340105971174
218.51408261236912
226.876570177498
240.11005334620046
241.9905000065622
242.60595217065983
246.71096215593494
248.5473799051746
248.6764639673601
258.2708961632172
262.5074053643586
266.6757182210837
275.63726114013707
296.9421656801819
303.30059922806134
305.96321274576235
306.4794397235736
310.4187831984261
331.5498634639192
340.33600069674395
342.78255017702895
350.515719915199
350.8285682052129
374.0025794854453
417.5182553997207
425.0408845647043
434.10636535303166
440.276167663558
452.4575188617627
454.32897183909785
457.96481422255897
463.51488823673026
490.99752519672825
502.8717796843661
515.8302016925585
519.5456073080376
537.050571999669
556.5224691052575
557.6009610404074
588.6589401666005
596.1679069304236
601.4061458492004
605.0652499343001
614.060729712761
625.5860534734718
626.7935070204819
637.1338301364714
647.2371761422884
660.6490536921284
671.9336790255625
697.3415459984752
735.6436756601023
742.3697727660185
780.7023904350172
784.3132259996348
792.6574649586396
793.5480115921483
798.8354460023172
801.5551881791338
841.1258218385452
866.7651376835778
1106.6317143899016
1170.084828772188
1326.868154750737
1387.560169125404
1517.5716580906728
1690.0573333354853
1868.5876594338797
1912.669176969607
2495.738755024565
17.27531966528553
44.78176918080559
56.39805807200015
56.4390394243729
57.98505464360427
65.66279335378917
65.85974918912507
67.23871714646907
69.7623115095253
69.85339265194392
70.7574854564004
72.42775059654463
76.07895667771709
78.61052683161839
79.64350071379005
80.22434574749754
81.13106046492108
82.36972144919682
83.1078235659674
84.15205566285118
91.20064659891152
100.42683086646932
101.1349104999837
101.18872248268298
101.69502799921862
101.96613010475153
102.72654995634267
104.66647549972637
105.51058655555696
114.95757590122518
118.97922848380443
126.67065727568747
129.3911614962794
137.55139840121268
138.1844886257792
142.93891455086342
147.61784031441087
160.4938673965029
184.3885164981692
185.10206327774924
190.53865364433108
198.58387593254926
208.03340105971174
218.51408261236912
226.876570177498
240.11005334620046
241.9905000065622
242.60595217065983
246.71096215593494
248.5473799051746
248.6764639673601
258.2708961632172
262.5074053643586
266.6757182210837
275.63726114013707
296.9421656801819
303.30059922806134
305.96321274576235
306.4794397235736
310.4187831984261
331.5498634639192
340.33600069674395
342.78255017702895
350.515719915199
350.8285682052129
374.0025794854453
417.5182553997207
425.0408845647043
434.10636535303166
440.276167663558
452.4575188617627
454.32897183909785
457.96481422255897
463.51488823673026
490.99752519672825
502.8717796843661
515.8302016925585
519.5456073080376
537.050571999669
556.5224691052575
557.6009610404074
588.6589401666005
596.1679069304236
601.4061458492004
605.0652499343001
614.060729712761
625.5860534734718
626.7935070204819
637.1338301364714
647.2371761422884
660.6490536921284
671.9336790255625
697.3415459984752
735.6436756601023
742.3697727660185
780.7023904350172
784.3132259996348
792.6574649586396
793.5480115921483
798.8354460023172
801.5551881791338
841.1258218385452
866.7651376835778
1106.6317143899016
1170.084828772188
1326.868154750737
1387.560169125404
1517.5716580906728
1690.0573333354853
1868.5876594338797
1912.669176969607
2495.738755024565
17.27531966528553
44.78176918080559
56.39805807200015
56.4390394243729
57.98505464360427
65.66279335378917
65.85974918912507
67.23871714646907
69.7623115095253
69.85339265194392
70.7574854564004
72.42775059654463
76.07895667771709
78.61052683161839
79.64350071379005
80.22434574749754
81.13106046492108
82.36972144919682
83.1078235659674
84.15205566285118
91.20064659891152
100.42683086646932
101.1349104999837
101.18872248268298
101.69502799921862
101.96613010475153
102.72654995634267
104.66647549972637
105.51058655555696
114.95757590122518
118.97922848380443
126.67065727568747
129.3911614962794
137.55139840121268
138.1844886257792
142.93891455086342
147.61784031441087
160.4938673965029
184.3885164981692
185.10206327774924
190.53865364433108
198.58387593254926
208.03340105971174
218.51408261236912
226.876570177498
240.11005334620046
241.9905000065622
242.60595217065983
246.71096215593494
248.5473799051746
248.6764639673601
258.2708961632172
262.5074053643586
266.6757182210837
275.63726114013707
296.9421656801819
303.30059922806134
305.96321274576235
306.4794397235736
310.4187831984261
331.5498634639192
340.33600069674395
342.78255017702895
350.515719915199
350.8285682052129
374.0025794854453
417.5182553997207
425.0408845647043
434.10636535303166
440.276167663558
452.4575188617627
454.32897183909785
457.96481422255897
463.51488823673026
490.99752519672825
502.8717796843661
515.8302016925585
519.5456073080376
537.050571999669
556.5224691052575
557.6009610404074
588.6589401666005
596.1679069304236
601.4061458492004
605.0652499343001
614.060729712761
625.5860534734718
626.7935070204819
637.1338301364714
647.2371761422884
660.6490536921284
671.9336790255625
697.3415459984752
735.6436756601023
742.3697727660185
780.7023904350172
784.3132259996348
792.6574649586396
793.5480115921483
798.8354460023172
801.5551881791338
841.1258218385452
866.7651376835778
1106.6317143899016
1170.084828772188
1326.868154750737
1387.560169125404
1517.5716580906728
1690.0573333354853
1868.5876594338797
1912.669176969607
2495.738755024565
19.593122341822728
27.018787095154487
61.08347849471294
75.12187432944815
84.47576205875724
87.03944665915287
95.12518103829703
106.49438305136965
107.01743600168302
116.9967780695463
124.96010697627808
129.60536448750764
131.188594874653
148.54165903969033
170.52263150260245
233.43452118193832
237.59765092965972
277.50148492502933
357.59356780084426
403.81560012107326
467.6126085470586
720.9251102284309
723.0520839315174
788.0287766785623
1059.9113123723334
1854.7017100857117
1876.886230645969
2174.7591229981304
2223.962280389878
2257.1833450773224
2669.7979812948183
2724.454052856924
5441.440712977528
5995.93910351783
6501.309835709408
6685.656831486156
7067.070471048149
7698.626942733424
19.593122341822728
27.018787095154487
61.08347849471294
75.12187432944815
84.47576205875724
87.03944665915287
95.12518103829703
106.49438305136965
107.01743600168302
116.9967780695463
124.96010697627808
129.60536448750764
131.188594874653
148.54165903969033
170.52263150260245
233.43452118193832
237.59765092965972
277.50148492502933
357.59356780084426
403.81560012107326
467.6126085470586
720.9251102284309
723.0520839315174
788.0287766785623
1059.9113123723334
1854.7017100857117
1876.886230645969
2174.7591229981304
2223.962280389878
2257.1833450773224
2669.7979812948183
2724.454052856924
5441.440712977528
5995.93910351783
6501.309835709408
6685.656831486156
7067.070471048149
7698.626942733424
19.593122341822728
27.018787095154487
61.08347849471294
75.12187432944815
84.47576205875724
87.03944665915287
95.12518103829703
106.49438305136965
107.01743600168302
116.9967780695463
124.96010697627808
129.60536448750764
131.188594874653
148.54165903969033
170.52263150260245
233.43452118193832
237.59765092965972
277.50148492502933
357.59356780084426
403.81560012107326
467.6126085470586
720.9251102284309
723.0520839315174
788.0287766785623
1059.9113123723334
1854.7017100857117
1876.886230645969
2174.7591229981304
2223.962280389878
2257.1833450773224
2669.7979812948183
2724.454052856924
5441.440712977528
5995.93910351783
6501.309835709408
6685.656831486156
7067.070471048149
7698.626942733424
19.593122341822728
27.018787095154487
61.08347849471294
75.12187432944815
84.47576205875724
87.03944665915287
95.12518103829703
106.49438305136965
107.01743600168302
116.9967780695463
124.96010697627808
129.60536448750764
131.188594874653
148.54165903969033
170.52263150260245
233.43452118193832
237.59765092965972
277.50148492502933
357.59356780084426
403.81560012107326
467.6126085470586
720.9251102284309
723.0520839315174
788.0287766785623
1059.9113123723334
1854.7017100857117
1876.886230645969
2174.7591229981304
2223.962280389878
2257.1833450773224
2669.7979812948183
2724.454052856924
5441.440712977528
5995.93910351783
6501.309835709408
6685.656831486156
7067.070471048149
7698.626942733424
19.593122341822728
27.018787095154487
61.08347849471294
75.12187432944815
84.47576205875724
87.03944665915287
95.12518103829703
106.49438305136965
107.01743600168302
116.9967780695463
124.96010697627808
129.60536448750764
131.188594874653
148.54165903969033
170.52263150260245
233.43452118193832
237.59765092965972
277.50148492502933
357.59356780084426
403.81560012107326
467.6126085470586
720.9251102284309
723.0520839315174
788.0287766785623
1059.9113123723334
1854.7017100857117
1876.886230645969
2174.7591229981304
2223.962280389878
2257.1833450773224
2669.7979812948183
2724.454052856924
5441.440712977528
5995.93910351783
6501.309835709408
6685.656831486156
7067.070471048149
7698.626942733424
19.593122341822728
27.018787095154487
61.08347849471294
75.12187432944815
84.47576205875724
87.03944665915287
95.12518103829703
106.49438305136965
107.01743600168302
116.9967780695463
124.96010697627808
129.60536448750764
131.188594874653
148.54165903969033
170.52263150260245
233.43452118193832
237.59765092965972
277.50148492502933
357.59356780084426
403.81560012107326
467.6126085470586
720.9251102284309
723.0520839315174
788.0287766785623
1059.9113123723334
1854.7017100857117
1876.886230645969
2174.7591229981304
2223.962280389878
2257.1833450773224
2669.7979812948183
2724.454052856924
5441.440712977528
5995.93910351783
6501.309835709408
6685.656831486156
7067.070471048149
7698.626942733424
19.593122341822728
27.018787095154487
61.08347849471294
75.12187432944815
84.47576205875724
87.03944665915287
95.12518103829703
106.49438305136965
107.01743600168302
116.9967780695463
124.96010697627808
129.60536448750764
131.188594874653
148.54165903969033
170.52263150260245
233.43452118193832
237.59765092965972
277.50148492502933
357.59356780084426
403.81560012107326
467.6126085470586
720.9251102284309
723.0520839315174
788.0287766785623
1059.9113123723334
1854.7017100857117
1876.886230645969
2174.7591229981304
2223.962280389878
2257.1833450773224
2669.7979812948183
2724.454052856924
5441.440712977528
5995.93910351783
6501.309835709408
6685.656831486156
7067.070471048149
7698.626942733424
19.593122341822728
27.018787095154487
61.08347849471294
75.12187432944815
84.47576205875724
87.03944665915287
95.12518103829703
106.49438305136965
107.01743600168302
116.9967780695463
124.96010697627808
129.60536448750764
131.188594874653
148.54165903969033
170.52263150260245
233.43452118193832
237.59765092965972
277.50148492502933
357.59356780084426
403.81560012107326
467.6126085470586
720.9251102284309
723.0520839315174
788.0287766785623
1059.9113123723334
1854.7017100857117
1876.886230645969
2174.7591229981304
2223.962280389878
2257.1833450773224
2669.7979812948183
2724.454052856924
5441.440712977528
5995.93910351783
6501.309835709408
6685.656831486156
7067.070471048149
7698.626942733424
19.593122341822728
27.018787095154487
61.08347849471294
75.12187432944815
84.47576205875724
87.03944665915287
95.12518103829703
106.49438305136965
107.01743600168302
116.9967780695463
124.96010697627808
129.60536448750764
131.188594874653
148.54165903969033
170.52263150260245
233.43452118193832
237.59765092965972
277.50148492502933
357.59356780084426
403.81560012107326
467.6126085470586
720.9251102284309
723.0520839315174
788.0287766785623
1059.9113123723334
1854.7017100857117
1876.886230645969
2174.7591229981304
2223.962280389878
2257.1833450773224
2669.7979812948183
2724.454052856924
5441.440712977528
5995.93910351783
6501.309835709408
6685.656831486156
7067.070471048149
7698.626942733424
19.593122341822728
27.018787095154487
61.08347849471294
75.12187432944815
84.47576205875724
87.03944665915287
95.12518103829703
106.49438305136965
107.01743600168302
116.9967780695463
124.96010697627808
129.60536448750764
131.188594874653
148.54165903969033
170.52263150260245
233.43452118193832
237.59765092965972
277.50148492502933
357.59356780084426
403.81560012107326
467.6126085470586
720.9251102284309
723.0520839315174
788.0287766785623
1059.9113123723334
1854.7017100857117
1876.886230645969
2174.7591229981304
2223.962280389878
2257.1833450773224
2669.7979812948183
2724.454052856924
5441.440712977528
5995.93910351783
6501.309835709408
6685.656831486156
7067.070471048149
7698.626942733424
19.593122341822728
27.018787095154487
61.08347849471294
75.12187432944815
84.47576205875724
87.03944665915287
95.12518103829703
106.49438305136965
107.01743600168302
116.9967780695463
124.96010697627808
129.60536448750764
131.188594874653
148.54165903969033
170.52263150260245
233.43452118193832
237.59765092965972
277.50148492502933
357.59356780084426
403.81560012107326
467.6126085470586
720.9251102284309
723.0520839315174
788.0287766785623
1059.9113123723334
1854.7017100857117
1876.886230645969
2174.7591229981304
2223.962280389878
2257.1833450773224
2669.7979812948183
2724.454052856924
5441.440712977528
5995.93910351783
6501.309835709408
6685.656831486156
7067.070471048149
7698.626942733424
19.593122341822728
27.018787095154487
61.08347849471294
75.12187432944815
84.47576205875724
87.03944665915287
95.12518103829703
106.49438305136965
107.01743600168302
116.9967780695463
124.96010697627808
129.60536448750764
131.188594874653
148.54165903969033
170.52263150260245
233.43452118193832
237.59765092965972
277.50148492502933
357.59356780084426
403.81560012107326
467.6126085470586
720.9251102284309
723.0520839315174
788.0287766785623
1059.9113123723334
1854.7017100857117
1876.886230645969
2174.7591229981304
2223.962280389878
2257.1833450773224
2669.7979812948183
2724.454052856924
5441.440712977528
5995.93910351783
6501.309835709408
6685.656831486156
7067.070471048149
7698.626942733424
19.593122341822728
27.018787095154487
61.08347849471294
75.12187432944815
84.47576205875724
87.03944665915287
95.12518103829703
106.49438305136965
107.01743600168302
116.9967780695463
124.96010697627808
129.60536448750764
131.188594874653
148.54165903969033
170.52263150260245
233.43452118193832
237.59765092965972
277.50148492502933
357.59356780084426
403.81560012107326
467.6126085470586
720.9251102284309
723.0520839315174
788.0287766785623
1059.9113123723334
1854.7017100857117
1876.886230645969
2174.7591229981304
2223.962280389878
2257.1833450773224
2669.7979812948183
2724.454052856924
5441.440712977528
5995.93910351783
6501.309835709408
6685.656831486156
7067.070471048149
7698.626942733424
19.593122341822728
27.018787095154487
61.08347849471294
75.12187432944815
84.47576205875724
87.03944665915287
95.12518103829703
106.49438305136965
107.01743600168302
116.9967780695463
124.96010697627808
129.60536448750764
131.188594874653
148.54165903969033
170.52263150260245
233.43452118193832
237.59765092965972
277.50148492502933
357.59356780084426
403.81560012107326
467.6126085470586
720.9251102284309
723.0520839315174
788.0287766785623
1059.9113123723334
1854.7017100857117
1876.886230645969
2174.7591229981304
2223.962280389878
2257.1833450773224
2669.7979812948183
2724.454052856924
5441.440712977528
5995.93910351783
6501.309835709408
6685.656831486156
7067.070471048149
7698.626942733424
19.593122341822728
27.018787095154487
61.08347849471294
75.12187432944815
84.47576205875724
87.03944665915287
95.12518103829703
106.49438305136965
107.01743600168302
116.9967780695463
124.96010697627808
129.60536448750764
131.188594874653
148.54165903969033
170.52263150260245
233.43452118193832
237.59765092965972
277.50148492502933
357.59356780084426
403.81560012107326
467.6126085470586
720.9251102284309
723.0520839315174
788.0287766785623
1059.9113123723334
1854.7017100857117
1876.886230645969
2174.7591229981304
2223.962280389878
2257.1833450773224
2669.7979812948183
2724.454052856924
5441.440712977528
5995.93910351783
6501.309835709408
6685.656831486156
7067.070471048149
7698.626942733424
43.65902896758824
50.62523321121285
69.93101566379335
79.06418625079446
81.34555032584512
125.32005352807622
147.88341357922738
158.94814802379977
191.6945148259255
254.82685453697414
322.28663001281114
355.4096848082442
476.4972074548666
492.54140853363805
519.7738664329778
613.9507965574704
661.053295072092
766.856497477071
970.5953816030107
1666.9488096727587
1942.2184993659298
2200.9698499568403
4610.209888101293
4960.147623005565
11168.88405958995
13612.120585059534
13777.602476934047
43.65902896758824
50.62523321121285
69.93101566379335
79.06418625079446
81.34555032584512
125.32005352807622
147.88341357922738
158.94814802379977
191.6945148259255
254.82685453697414
322.28663001281114
355.4096848082442
476.4972074548666
492.54140853363805
519.7738664329778
613.9507965574704
661.053295072092
766.856497477071
970.5953816030107
1666.9488096727587
1942.2184993659298
2200.9698499568403
4610.209888101293
4960.147623005565
11168.88405958995
13612.120585059534
13777.602476934047
43.65902896758824
50.62523321121285
69.93101566379335
79.06418625079446
81.34555032584512
125.32005352807622
147.88341357922738
158.94814802379977
191.6945148259255
254.82685453697414
322.28663001281114
355.4096848082442
476.4972074548666
492.54140853363805
519.7738664329778
613.9507965574704
661.053295072092
766.856497477071
970.5953816030107
1666.9488096727587
1942.2184993659298
2200.9698499568403
4610.209888101293
4960.147623005565
11168.88405958995
13612.120585059534
13777.602476934047
43.65902896758824
50.62523321121285
69.93101566379335
79.06418625079446
81.34555032584512
125.32005352807622
147.88341357922738
158.94814802379977
191.6945148259255
254.82685453697414
322.28663001281114
355.4096848082442
476.4972074548666
492.54140853363805
519.7738664329778
613.9507965574704
661.053295072092
766.856497477071
970.5953816030107
1666.9488096727587
1942.2184993659298
2200.9698499568403
4610.209888101293
4960.147623005565
11168.88405958995
13612.120585059534
13777.602476934047
43.65902896758824
50.62523321121285
69.93101566379335
79.06418625079446
81.34555032584512
125.32005352807622
147.88341357922738
158.94814802379977
191.6945148259255
254.82685453697414
322.28663001281114
355.4096848082442
476.4972074548666
492.54140853363805
519.7738664329778
613.9507965574704
661.053295072092
766.856497477071
970.5953816030107
1666.9488096727587
1942.2184993659298
2200.9698499568403
4610.209888101293
4960.147623005565
11168.88405958995
13612.120585059534
13777.602476934047
43.65902896758824
50.62523321121285
69.93101566379335
79.06418625079446
81.34555032584512
125.32005352807622
147.88341357922738
158.94814802379977
191.6945148259255
254.82685453697414
322.28663001281114
355.4096848082442
476.4972074548666
492.54140853363805
519.7738664329778
613.9507965574704
661.053295072092
766.856497477071
970.5953816030107
1666.9488096727587
1942.2184993659298
2200.9698499568403
4610.209888101293
4960.147623005565
11168.88405958995
13612.120585059534
13777.602476934047
43.65902896758824
50.62523321121285
69.93101566379335
79.06418625079446
81.34555032584512
125.32005352807622
147.88341357922738
158.94814802379977
191.6945148259255
254.82685453697414
322.28663001281114
355.4096848082442
476.4972074548666
492.54140853363805
519.7738664329778
613.9507965574704
661.053295072092
766.856497477071
970.5953816030107
1666.9488096727587
1942.2184993659298
2200.9698499568403
4610.209888101293
4960.147623005565
11168.88405958995
13612.120585059534
13777.602476934047
43.65902896758824
50.62523321121285
69.93101566379335
79.06418625079446
81.34555032584512
125.32005352807622
147.88341357922738
158.94814802379977
191.6945148259255
254.82685453697414
322.28663001281114
355.4096848082442
476.4972074548666
492.54140853363805
519.7738664329778
613.9507965574704
661.053295072092
766.856497477071
970.5953816030107
1666.9488096727587
1942.2184993659298
2200.9698499568403
4610.209888101293
4960.147623005565
11168.88405958995
13612.120585059534
13777.602476934047
43.65902896758824
50.62523321121285
69.93101566379335
79.06418625079446
81.34555032584512
125.32005352807622
147.88341357922738
158.94814802379977
191.6945148259255
254.82685453697414
322.28663001281114
355.4096848082442
476.4972074548666
492.54140853363805
519.7738664329778
613.9507965574704
661.053295072092
766.856497477071
970.5953816030107
1666.9488096727587
1942.2184993659298
2200.9698499568403
4610.209888101293
4960.147623005565
11168.88405958995
13612.120585059534
13777.602476934047
43.65902896758824
50.62523321121285
69.93101566379335
79.06418625079446
81.34555032584512
125.32005352807622
147.88341357922738
158.94814802379977
191.6945148259255
254.82685453697414
322.28663001281114
355.4096848082442
476.4972074548666
492.54140853363805
519.7738664329778
613.9507965574704
661.053295072092
766.856497477071
970.5953816030107
1666.9488096727587
1942.2184993659298
2200.9698499568403
4610.209888101293
4960.147623005565
11168.88405958995
13612.120585059534
13777.602476934047
43.65902896758824
50.62523321121285
69.93101566379335
79.06418625079446
81.34555032584512
125.32005352807622
147.88341357922738
158.94814802379977
191.6945148259255
254.82685453697414
322.28663001281114
355.4096848082442
476.4972074548666
492.54140853363805
519.7738664329778
613.9507965574704
661.053295072092
766.856497477071
970.5953816030107
1666.9488096727587
1942.2184993659298
2200.9698499568403
4610.209888101293
4960.147623005565
11168.88405958995
13612.120585059534
13777.602476934047
43.65902896758824
50.62523321121285
69.93101566379335
79.06418625079446
81.34555032584512
125.32005352807622
147.88341357922738
158.94814802379977
191.6945148259255
254.82685453697414
322.28663001281114
355.4096848082442
476.4972074548666
492.54140853363805
519.7738664329778
613.9507965574704
661.053295072092
766.856497477071
970.5953816030107
1666.9488096727587
1942.2184993659298
2200.9698499568403
4610.209888101293
4960.147623005565
11168.88405958995
13612.120585059534
13777.602476934047
43.65902896758824
50.62523321121285
69.93101566379335
79.06418625079446
81.34555032584512
125.32005352807622
147.88341357922738
158.94814802379977
191.6945148259255
254.82685453697414
322.28663001281114
355.4096848082442
476.4972074548666
492.54140853363805
519.7738664329778
613.9507965574704
661.053295072092
766.856497477071
970.5953816030107
1666.9488096727587
1942.2184993659298
2200.9698499568403
4610.209888101293
4960.147623005565
11168.88405958995
13612.120585059534
13777.602476934047
43.65902896758824
50.62523321121285
69.93101566379335
79.06418625079446
81.34555032584512
125.32005352807622
147.88341357922738
158.94814802379977
191.6945148259255
254.82685453697414
322.28663001281114
355.4096848082442
476.4972074548666
492.54140853363805
519.7738664329778
613.9507965574704
661.053295072092
766.856497477071
970.5953816030107
1666.9488096727587
1942.2184993659298
2200.9698499568403
4610.209888101293
4960.147623005565
11168.88405958995
13612.120585059534
13777.602476934047
43.65902896758824
50.62523321121285
69.93101566379335
79.06418625079446
81.34555032584512
125.32005352807622
147.88341357922738
158.94814802379977
191.6945148259255
254.82685453697414
322.28663001281114
355.4096848082442
476.4972074548666
492.54140853363805
519.7738664329778
613.9507965574704
661.053295072092
766.856497477071
970.5953816030107
1666.9488096727587
1942.2184993659298
2200.9698499568403
4610.209888101293
4960.147623005565
11168.88405958995
13612.120585059534
13777.602476934047
23.03337200560823
35.02891808477344
70.24151382738077
70.84028088970386
110.17449889682658
356.16929875515757
419.4310928092968
494.8610675585568
674.6985839450177
894.8184373255167
958.3396512374725
1250.916286653038
1321.7546248356066
1463.693370165299
1702.1159407055438
1939.5996253421617
2536.1517841533155
3947.15270303831
5878.706446723712
5993.018129287171
23.03337200560823
35.02891808477344
70.24151382738077
70.84028088970386
110.17449889682658
356.16929875515757
419.4310928092968
494.8610675585568
674.6985839450177
894.8184373255167
958.3396512374725
1250.916286653038
1321.7546248356066
1463.693370165299
1702.1159407055438
1939.5996253421617
2536.1517841533155
3947.15270303831
5878.706446723712
5993.018129287171
23.03337200560823
35.02891808477344
70.24151382738077
70.84028088970386
110.17449889682658
356.16929875515757
419.4310928092968
494.8610675585568
674.6985839450177
894.8184373255167
958.3396512374725
1250.916286653038
1321.7546248356066
1463.693370165299
1702.1159407055438
1939.5996253421617
2536.1517841533155
3947.15270303831
5878.706446723712
5993.018129287171
23.03337200560823
35.02891808477344
70.24151382738077
70.84028088970386
110.17449889682658
356.16929875515757
419.4310928092968
494.8610675585568
674.6985839450177
894.8184373255167
958.3396512374725
1250.916286653038
1321.7546248356066
1463.693370165299
1702.1159407055438
1939.5996253421617
2536.1517841533155
3947.15270303831
5878.706446723712
5993.018129287171
23.03337200560823
35.02891808477344
70.24151382738077
70.84028088970386
110.17449889682658
356.16929875515757
419.4310928092968
494.8610675585568
674.6985839450177
894.8184373255167
958.3396512374725
1250.916286653038
1321.7546248356066
1463.693370165299
1702.1159407055438
1939.5996253421617
2536.1517841533155
3947.15270303831
5878.706446723712
5993.018129287171
23.03337200560823
35.02891808477344
70.24151382738077
70.84028088970386
110.17449889682658
356.16929875515757
419.4310928092968
494.8610675585568
674.6985839450177
894.8184373255167
958.3396512374725
1250.916286653038
1321.7546248356066
1463.693370165299
1702.1159407055438
1939.5996253421617
2536.1517841533155
3947.15270303831
5878.706446723712
5993.018129287171
23.03337200560823
35.02891808477344
70.24151382738077
70.84028088970386
110.17449889682658
356.16929875515757
419.4310928092968
494.8610675585568
674.6985839450177
894.8184373255167
958.3396512374725
1250.916286653038
1321.7546248356066
1463.693370165299
1702.1159407055438
1939.5996253421617
2536.1517841533155
3947.15270303831
5878.706446723712
5993.018129287171
23.03337200560823
35.02891808477344
70.24151382738077
70.84028088970386
110.17449889682658
356.16929875515757
419.4310928092968
494.8610675585568
674.6985839450177
894.8184373255167
958.3396512374725
1250.916286653038
1321.7546248356066
1463.693370165299
1702.1159407055438
1939.5996253421617
2536.1517841533155
3947.15270303831
5878.706446723712
5993.018129287171
23.03337200560823
35.02891808477344
70.24151382738077
70.84028088970386
110.17449889682658
356.16929875515757
419.4310928092968
494.8610675585568
674.6985839450177
894.8184373255167
958.3396512374725
1250.916286653038
1321.7546248356066
1463.693370165299
1702.1159407055438
1939.5996253421617
2536.1517841533155
3947.15270303831
5878.706446723712
5993.018129287171
23.03337200560823
35.02891808477344
70.24151382738077
70.84028088970386
110.17449889682658
356.16929875515757
419.4310928092968
494.8610675585568
674.6985839450177
894.8184373255167
958.3396512374725
1250.916286653038
1321.7546248356066
1463.693370165299
1702.1159407055438
1939.5996253421617
2536.1517841533155
3947.15270303831
5878.706446723712
5993.018129287171
23.03337200560823
35.02891808477344
70.24151382738077
70.84028088970386
110.17449889682658
356.16929875515757
419.4310928092968
494.8610675585568
674.6985839450177
894.8184373255167
958.3396512374725
1250.916286653038
1321.7546248356066
1463.693370165299
1702.1159407055438
1939.5996253421617
2536.1517841533155
3947.15270303831
5878.706446723712
5993.018129287171
23.03337200560823
35.02891808477344
70.24151382738077
70.84028088970386
110.17449889682658
356.16929875515757
419.4310928092968
494.8610675585568
674.6985839450177
894.8184373255167
958.3396512374725
1250.916286653038
1321.7546248356066
1463.693370165299
1702.1159407055438
1939.5996253421617
2536.1517841533155
3947.15270303831
5878.706446723712
5993.018129287171
23.03337200560823
35.02891808477344
70.24151382738077
70.84028088970386
110.17449889682658
356.16929875515757
419.4310928092968
494.8610675585568
674.6985839450177
894.8184373255167
958.3396512374725
1250.916286653038
1321.7546248356066
1463.693370165299
1702.1159407055438
1939.5996253421617
2536.1517841533155
3947.15270303831
5878.706446723712
5993.018129287171
23.03337200560823
35.02891808477344
70.24151382738077
70.84028088970386
110.17449889682658
356.16929875515757
419.4310928092968
494.8610675585568
674.6985839450177
894.8184373255167
958.3396512374725
1250.916286653038
1321.7546248356066
1463.693370165299
1702.1159407055438
1939.5996253421617
2536.1517841533155
3947.15270303831
5878.706446723712
5993.018129287171
23.03337200560823
35.02891808477344
70.24151382738077
70.84028088970386
110.17449889682658
356.16929875515757
419.4310928092968
494.8610675585568
674.6985839450177
894.8184373255167
958.3396512374725
1250.916286653038
1321.7546248356066
1463.693370165299
1702.1159407055438
1939.5996253421617
2536.1517841533155
3947.15270303831
5878.706446723712
5993.018129287171
16.95665423788657
146.8485584604633
258.09392098379163
324.6670155734732
327.95176993272685
378.35567085385355
545.919039795414
793.6853901370101
888.7089848695849
1714.8270023666876
3174.629809657648
16.95665423788657
146.8485584604633
258.09392098379163
324.6670155734732
327.95176993272685
378.35567085385355
545.919039795414
793.6853901370101
888.7089848695849
1714.8270023666876
3174.629809657648
16.95665423788657
146.8485584604633
258.09392098379163
324.6670155734732
327.95176993272685
378.35567085385355
545.919039795414
793.6853901370101
888.7089848695849
1714.8270023666876
3174.629809657648
16.95665423788657
146.8485584604633
258.09392098379163
324.6670155734732
327.95176993272685
378.35567085385355
545.919039795414
793.6853901370101
888.7089848695849
1714.8270023666876
3174.629809657648
16.95665423788657
146.8485584604633
258.09392098379163
324.6670155734732
327.95176993272685
378.35567085385355
545.919039795414
793.6853901370101
888.7089848695849
1714.8270023666876
3174.629809657648
16.95665423788657
146.8485584604633
258.09392098379163
324.6670155734732
327.95176993272685
378.35567085385355
545.919039795414
793.6853901370101
888.7089848695849
1714.8270023666876
3174.629809657648
16.95665423788657
146.8485584604633
258.09392098379163
324.6670155734732
327.95176993272685
378.35567085385355
545.919039795414
793.6853901370101
888.7089848695849
1714.8270023666876
3174.629809657648
16.95665423788657
146.8485584604633
258.09392098379163
324.6670155734732
327.95176993272685
378.35567085385355
545.919039795414
793.6853901370101
888.7089848695849
1714.8270023666876
3174.629809657648
16.95665423788657
146.8485584604633
258.09392098379163
324.6670155734732
327.95176993272685
378.35567085385355
545.919039795414
793.6853901370101
888.7089848695849
1714.8270023666876
3174.629809657648
16.95665423788657
146.8485584604633
258.09392098379163
324.6670155734732
327.95176993272685
378.35567085385355
545.919039795414
793.6853901370101
888.7089848695849
1714.8270023666876
3174.629809657648
16.95665423788657
146.8485584604633
258.09392098379163
324.6670155734732
327.95176993272685
378.35567085385355
545.919039795414
793.6853901370101
888.7089848695849
1714.8270023666876
3174.629809657648
16.95665423788657
146.8485584604633
258.09392098379163
324.6670155734732
327.95176993272685
378.35567085385355
545.919039795414
793.6853901370101
888.7089848695849
1714.8270023666876
3174.629809657648
16.95665423788657
146.8485584604633
258.09392098379163
324.6670155734732
327.95176993272685
378.35567085385355
545.919039795414
793.6853901370101
888.7089848695849
1714.8270023666876
3174.629809657648
16.95665423788657
146.8485584604633
258.09392098379163
324.6670155734732
327.95176993272685
378.35567085385355
545.919039795414
793.6853901370101
888.7089848695849
1714.8270023666876
3174.629809657648
16.95665423788657
146.8485584604633
258.09392098379163
324.6670155734732
327.95176993272685
378.35567085385355
545.919039795414
793.6853901370101
888.7089848695849
1714.8270023666876
3174.629809657648
