19.593122341822728
27.018787095154487
61.08347849471294
75.12187432944815
84.47576205875724
87.03944665915287
95.12518103829703
106.49438305136965
107.01743600168302
116.9967780695463
124.96010697627808
129.60536448750764
131.188594874653
148.54165903969033
170.52263150260245
233.43452118193832
237.59765092965972
277.50148492502933
357.59356780084426
403.81560012107326
467.6126085470586
720.9251102284309
723.0520839315174
788.0287766785623
1059.9113123723334
1854.7017100857117
1876.886230645969
2174.7591229981304
2223.962280389878
2257.1833450773224
2669.7979812948183
2724.454052856924
5441.440712977528
5995.93910351783
6501.309835709408
6685.656831486156
7067.070471048149
7698.626942733424
