17.27531966528553
44.78176918080559
56.39805807200015
56.4390394243729
57.98505464360427
65.66279335378917
65.85974918912507
67.23871714646907
69.7623115095253
69.85339265194392
70.7574854564004
72.42775059654463
76.07895667771709
78.61052683161839
79.64350071379005
80.22434574749754
81.13106046492108
82.36972144919682
83.1078235659674
84.15205566285118
91.20064659891152
100.42683086646932
101.1349104999837
101.18872248268298
101.69502799921862
101.96613010475153
102.72654995634267
104.66647549972637
105.51058655555696
114.95757590122518
118.97922848380443
126.67065727568747
129.3911614962794
137.55139840121268
138.1844886257792
142.93891455086342
147.61784031441087
160.4938673965029
184.3885164981692
185.10206327774924
190.53865364433108
198.58387593254926
208.03340105971174
218.51408261236912
226.876570177498
240.11005334620046
241.9905000065622
242.60595217065983
246.71096215593494
248.5473799051746
248.6764639673601
258.2708961632172
262.5074053643586
266.6757182210837
275.63726114013707
296.9421656801819
303.30059922806134
305.96321274576235
306.4794397235736
310.4187831984261
331.5498634639192
340.33600069674395
342.78255017702895
350.515719915199
350.8285682052129
374.0025794854453
417.5182553997207
425.0408845647043
434.10636535303166
440.276167663558
452.4575188617627
454.32897183909785
457.96481422255897
463.51488823673026
490.99752519672825
502.8717796843661
515.8302016925585
519.5456073080376
537.050571999669
556.5224691052575
557.6009610404074
588.6589401666005
596.1679069304236
601.4061458492004
605.0652499343001
614.060729712761
625.5860534734718
626.7935070204819
637.1338301364714
647.2371761422884
660.6490536921284
671.9336790255625
697.3415459984752
735.6436756601023
742.3697727660185
780.7023904350172
784.3132259996348
792.6574649586396
793.5480115921483
798.8354460023172
801.5551881791338
841.1258218385452
866.7651376835778
1106.6317143899016
1170.084828772188
1326.868154750737
1387.560169125404
1517.5716580906728
1690.0573333354853
1868.5876594338797
1912.669176969607
2495.738755024565
