37.09906911341474
45.94351612665195
5018.877752347997
34.44314861073065
796.3329165100555
565.703742450384
3955.806629610376
1588.1327674403199
1209.9740748114327
13548.333002388943
8489.501872839419
2178.7470273383524
204.11529490807897
170.79579619272664
1914.8696244461626
94.61088120964676
86.74128461571367
145.04545400137346
3004.857978305672
538.6293792966078
643.708382933316
810.4564085750392
12900.372713262745
467.21752054249066
11697.593683436566
2317.101496878447
2016.9835465787266
11016.106843006215
2948.0331319217407
321.172323713288
9947.289326856398
10803.05901664695
710.6269010908354
471.5378017139311
612.6768325283396
1370.0212817765505
497.77828740573733
730.0840932026085
1532.3279259170822
7616.921441362046
769.0877223343617
745.909655826457
893.4787730195858
975.7416705572762
961.4261711828225
2709.155564608003
4319.651324313296
6618.717218959893
1925.9706089221716
8205.463983763068
2525.5897327158245
10203.000231376778
6731.689247656075
5763.71772642511
