31.327351180645866
98.81443184131186
170.01289960146994
218.0849135848942
126.98916246088554
151.4865246533558
814.2740398627782
184.06808204175314
12084.008247967804
734.1708609972285
1115.3877128452925
375.3316131449453
6869.044380881963
13183.00326797346
13281.02121514562
10862.998812158487
455.2636653321676
10604.816952570516
553.6496737968911
605.8453471422558
10826.308508187794
3821.8718077948442
6282.624341625471
3975.61507865777
1470.756276569955
1524.3927886314884
3606.1084936432526
8538.360249583762
4988.1760120917315
2466.4617915215194
2444.695042746119
4214.328514333758
2410.963676743389
4035.292249564088
10620.220667441594
10713.768701274606
