78.07960958597182
31.6999760950738
35.524617474046664
44.0542697147752
134.32886418871044
59.851639378643135
13148.24041797364
5091.219652016908
178.10638043767528
5436.905548946517
396.7183652941301
1322.670282182057
280.3905405924687
1540.3048302629238
8335.903605990408
91.92322219871696
89.276609438747
131.4864486524694
1819.6000723867023
6816.729364463972
159.97934057314677
105.22537318173998
398.5413028381863
388.2547826766311
135.51676443437725
12898.900885803649
3082.8744745844665
361.21054458715736
178.24765773286518
128.30290035971078
231.52395638325203
156.86982814309755
132.4066721336384
135.8471780924479
150.52940261195732
796.8877891648441
192.71345452469777
1363.6163770158182
272.43745088571313
784.4964899246186
238.86961758761026
164.61621461490057
7263.005970795661
617.9475107422047
408.6856486750472
961.6068225207879
484.10027838141065
322.8805482998186
204.121936151162
309.0729787641744
316.5568331571631
332.563614713284
530.2871801626054
209.05803750728495
7319.087380698789
7604.540164745675
234.70054867030703
258.16581373758
270.3214221141399
652.902953154495
418.04402235049247
5293.649436958425
317.61204515047797
311.02815614184726
3216.4122374751187
626.1165084005393
453.0123314315572
974.6151342189155
1567.3936289938574
8996.007870296586
549.0601935911225
2897.518499495519
819.8608879901723
437.294561432175
3642.158126452794
1680.872138492366
1236.096192676896
3139.4498072497977
862.8349795964475
1896.2350729737445
550.4331281242173
641.1989990562213
596.4794847700199
662.6477784978571
3145.6689628872773
11850.19854392802
671.4974848723585
685.2240145364203
3498.869222501015
9113.155938574113
1018.4064331661061
1770.7039826249365
1188.615391671332
1008.5581266686064
2424.2401270850405
1038.1760514302525
4372.615518771285
4622.95223643851
1125.814850259394
5530.687175362894
1321.4710042858435
1375.6243819446768
1782.638335339897
7622.607215644838
3289.949499643908
37.09906911341474
45.94351612665195
5018.877752347997
34.44314861073065
796.3329165100555
565.703742450384
3955.806629610376
1588.1327674403199
1209.9740748114327
13548.333002388943
8489.501872839419
2178.7470273383524
204.11529490807897
170.79579619272664
1914.8696244461626
94.61088120964676
86.74128461571367
145.04545400137346
3004.857978305672
538.6293792966078
643.708382933316
810.4564085750392
12900.372713262745
467.21752054249066
11697.593683436566
2317.101496878447
2016.9835465787266
11016.106843006215
2948.0331319217407
321.172323713288
9947.289326856398
10803.05901664695
710.6269010908354
471.5378017139311
612.6768325283396
1370.0212817765505
497.77828740573733
730.0840932026085
1532.3279259170822
7616.921441362046
769.0877223343617
745.909655826457
893.4787730195858
975.7416705572762
961.4261711828225
2709.155564608003
4319.651324313296
6618.717218959893
1925.9706089221716
8205.463983763068
2525.5897327158245
10203.000231376778
6731.689247656075
5763.71772642511
31.327351180645866
98.81443184131186
170.01289960146994
218.0849135848942
126.98916246088554
151.4865246533558
814.2740398627782
184.06808204175314
12084.008247967804
734.1708609972285
1115.3877128452925
375.3316131449453
6869.044380881963
13183.00326797346
13281.02121514562
10862.998812158487
455.2636653321676
10604.816952570516
553.6496737968911
605.8453471422558
10826.308508187794
3821.8718077948442
6282.624341625471
3975.61507865777
1470.756276569955
1524.3927886314884
3606.1084936432526
8538.360249583762
4988.1760120917315
2466.4617915215194
2444.695042746119
4214.328514333758
2410.963676743389
4035.292249564088
10620.220667441594
10713.768701274606
4132.17785782236
73.23647361917715
211.62489315751134
1315.257614905718
224.36157712115335
320.57239512644253
382.7153472396035
474.30521670123204
1752.3845633110056
577.9797698645544
621.0317716595603
786.0768796370381
4977.48006080631
1049.47497496877
2241.5251571125286
8593.368043626004
2261.5919793624785
11314.8372891336
8029.900079421863
245.92925219629754
