78.07960958597182
31.6999760950738
35.524617474046664
44.0542697147752
134.32886418871044
59.851639378643135
13148.24041797364
5091.219652016908
178.10638043767528
5436.905548946517
396.7183652941301
1322.670282182057
280.3905405924687
1540.3048302629238
8335.903605990408
91.92322219871696
89.276609438747
131.4864486524694
1819.6000723867023
6816.729364463972
159.97934057314677
105.22537318173998
398.5413028381863
388.2547826766311
135.51676443437725
12898.900885803649
3082.8744745844665
361.21054458715736
178.24765773286518
128.30290035971078
231.52395638325203
156.86982814309755
132.4066721336384
135.8471780924479
150.52940261195732
796.8877891648441
192.71345452469777
1363.6163770158182
272.43745088571313
784.4964899246186
238.86961758761026
164.61621461490057
7263.005970795661
617.9475107422047
408.6856486750472
961.6068225207879
484.10027838141065
322.8805482998186
204.121936151162
309.0729787641744
316.5568331571631
332.563614713284
530.2871801626054
209.05803750728495
7319.087380698789
7604.540164745675
234.70054867030703
258.16581373758
270.3214221141399
652.902953154495
418.04402235049247
5293.649436958425
317.61204515047797
311.02815614184726
3216.4122374751187
626.1165084005393
453.0123314315572
974.6151342189155
1567.3936289938574
8996.007870296586
549.0601935911225
2897.518499495519
819.8608879901723
437.294561432175
3642.158126452794
1680.872138492366
1236.096192676896
3139.4498072497977
862.8349795964475
1896.2350729737445
550.4331281242173
641.1989990562213
596.4794847700199
662.6477784978571
3145.6689628872773
11850.19854392802
671.4974848723585
685.2240145364203
3498.869222501015
9113.155938574113
1018.4064331661061
1770.7039826249365
1188.615391671332
1008.5581266686064
2424.2401270850405
1038.1760514302525
4372.615518771285
4622.95223643851
1125.814850259394
5530.687175362894
1321.4710042858435
1375.6243819446768
1782.638335339897
7622.607215644838
3289.949499643908
